    0.2200
    0.2250
    0.2400
    0.2350
    0.2450
    0.2250
    0.2000
    0.1550
    0.1150
    0.0750
    0.0500
    0.0200
         0
   -0.0100
   -0.0150
   -0.0100
   -0.0100
   -0.0050
         0
         0
         0
         0
         0
   -0.0050
   -0.0100
   -0.0200
   -0.0250
   -0.0350
   -0.0450
   -0.0550
   -0.0550
   -0.0600
   -0.0600
   -0.0600
   -0.0550
   -0.0550
   -0.0550
   -0.0650
   -0.0600
   -0.0550
   -0.0450
   -0.0550
   -0.0550
   -0.0550
   -0.0550
   -0.0750
   -0.0650
   -0.0800
   -0.0650
   -0.0800
   -0.0750
   -0.0900
   -0.0850
   -0.1050
   -0.0900
   -0.1100
   -0.0950
   -0.1100
   -0.1000
   -0.0850
   -0.0250
    0.0100
    0.0100
    0.1000
    0.1350
    0.0750
         0
   -0.0500
   -0.0450
   -0.1750
   -0.1950
   -0.2050
   -0.1900
   -0.2050
   -0.2200
    0.1450
    1.0250
    1.6050
    0.2400
   -0.6250
   -0.6650
   -0.4250
   -0.1800
   -0.1850
   -0.1750
   -0.1750
   -0.1500
   -0.1500
   -0.1200
   -0.1200
   -0.0900
   -0.0800
   -0.0450
   -0.0250
         0
    0.0200
    0.0600
    0.0800
    0.1300
    0.1600
    0.1850
    0.1950
    0.2100
    0.2100
    0.2200
    0.2150
    0.1950
    0.1700
    0.1350
    0.0850
    0.0450
    0.0150
   -0.0050
   -0.0150
   -0.0150
   -0.0150
   -0.0050
   -0.0050
         0
         0
    0.0150
    0.0100
         0
         0
         0
   -0.0100
   -0.0150
   -0.0250
   -0.0300
   -0.0250
   -0.0400
   -0.0450
   -0.0400
   -0.0500
   -0.0550
   -0.0450
   -0.0300
   -0.0450
   -0.0500
   -0.0400
   -0.0450
   -0.0550
   -0.0550
   -0.0650
   -0.0650
   -0.0650
   -0.0700
   -0.0800
   -0.0650
   -0.0750
   -0.0750
   -0.0800
   -0.0700
   -0.0800
   -0.0800
   -0.0850
   -0.0650
   -0.0800
   -0.0800
   -0.0900
   -0.0900
   -0.0750
   -0.0250
    0.0350
    0.0450
    0.1150
    0.1650
    0.1250
    0.0400
   -0.0150
   -0.0050
   -0.1350
   -0.1700
   -0.1850
   -0.1650
   -0.1800
   -0.2000
    0.1350
    0.8900
    1.4400
    0.4250
   -0.4700
   -0.6700
   -0.4550
   -0.2000
   -0.1550
   -0.1300
   -0.1400
   -0.1250
   -0.1300
   -0.1050
   -0.1100
   -0.0800
   -0.0600
   -0.0450
   -0.0300
    0.0050
    0.0150
    0.0450
    0.0850
    0.1100
    0.1400
    0.1800
    0.2050
    0.2150
    0.2150
    0.2350
    0.2250
    0.2250
    0.1900
    0.1600
    0.1250
    0.0700
    0.0350
    0.0150
    0.0100
    0.0050
    0.0050
         0
    0.0050
    0.0100
    0.0050
    0.0050
    0.0100
         0
    0.0050
         0
   -0.0100
   -0.0150
   -0.0200
   -0.0150
   -0.0250
   -0.0300
   -0.0300
   -0.0400
   -0.0350
   -0.0350
   -0.0400
   -0.0450
   -0.0450
   -0.0500
   -0.0450
   -0.0550
   -0.0550
   -0.0600
   -0.0600
   -0.0650
   -0.0550
   -0.0650
   -0.0650
   -0.0650
   -0.0600
   -0.0600
   -0.0600
   -0.0700
   -0.0600
   -0.0800
   -0.0750
   -0.0750
   -0.0750
   -0.0800
   -0.0700
   -0.0650
   -0.0100
    0.0300
    0.0500
    0.1000
    0.2000
    0.1450
    0.0550
   -0.0050
         0
   -0.1200
   -0.1600
   -0.1700
   -0.1600
   -0.1750
   -0.2100
    0.1250
    0.8350
    1.3500
    0.5300
   -0.3350
   -0.6750
   -0.5400
   -0.2500
   -0.1450
   -0.1450
   -0.1350
   -0.1150
   -0.1150
   -0.0900
   -0.0900
   -0.0750
   -0.0600
   -0.0250
         0
    0.0300
    0.0400
    0.0800
    0.0950
    0.1300
    0.1600
    0.2050
    0.2100
    0.2200
    0.2250
    0.2500
    0.2500
    0.2300
    0.1950
    0.1700
    0.1150
    0.0750
    0.0500
    0.0350
    0.0050
    0.0150
    0.0300
    0.0250
    0.0200
    0.0200
    0.0300
    0.0200
    0.0350
    0.0150
    0.0050
    0.0050
   -0.0050
   -0.0050
   -0.0200
   -0.0100
   -0.0150
   -0.0350
   -0.0300
   -0.0250
   -0.0250
   -0.0250
   -0.0400
   -0.0400
   -0.0350
   -0.0300
   -0.0300
   -0.0400
   -0.0300
   -0.0400
   -0.0300
   -0.0350
   -0.0350
   -0.0450
   -0.0450
   -0.0650
   -0.0550
   -0.0600
   -0.0600
   -0.0750
   -0.0500
   -0.0600
   -0.0600
   -0.0650
   -0.0700
   -0.0400
    0.0100
    0.0550
    0.0750
    0.1800
    0.1850
    0.1000
    0.0250
   -0.0250
   -0.0550
   -0.1750
   -0.1650
   -0.1800
   -0.1700
   -0.2200
   -0.1000
    0.3650
    1.0950
    1.4500
    0.0650
   -0.6650
   -0.6700
   -0.4350
   -0.1850
   -0.1700
   -0.1500
   -0.1550
   -0.1300
   -0.1200
   -0.0950
   -0.1050
   -0.0700
   -0.0550
   -0.0250
   -0.0050
    0.0350
    0.0400
    0.0850
    0.1200
    0.1650
    0.1900
    0.2200
    0.2350
    0.2500
    0.2550
    0.2600
    0.2450
    0.2150
    0.1800
    0.1400
    0.0950
    0.0600
    0.0300
    0.0150
    0.0100
    0.0100
    0.0100
         0
    0.0050
    0.0100
    0.0150
         0
    0.0050
         0
         0
   -0.0200
   -0.0250
   -0.0150
   -0.0150
   -0.0150
   -0.0300
   -0.0400
   -0.0350
   -0.0450
   -0.0400
   -0.0400
   -0.0450
   -0.0500
   -0.0400
   -0.0500
   -0.0500
   -0.0500
   -0.0550
   -0.0600
   -0.0500
   -0.0650
   -0.0550
   -0.0750
   -0.0550
   -0.0750
   -0.0550
   -0.0750
   -0.0650
   -0.0700
   -0.0750
   -0.1000
   -0.0700
   -0.0450
    0.0100
    0.0500
    0.0650
    0.1700
    0.1550
    0.0850
    0.0350
   -0.0200
   -0.0300
   -0.1600
   -0.1650
   -0.1900
   -0.1650
   -0.2050
   -0.1200
    0.3100
    1.1500
    1.5900
    0.0700
   -0.6850
   -0.6150
   -0.3850
   -0.1600
   -0.1750
   -0.1400
   -0.1500
   -0.1350
   -0.1400
   -0.1200
   -0.1150
   -0.0850
   -0.0800
   -0.0450
   -0.0300
    0.0050
    0.0200
    0.0550
    0.0850
    0.1450
    0.1750
    0.2050
    0.2150
    0.2350
    0.2400
    0.2450
    0.2350
    0.2150
    0.1800
    0.1450
    0.0950
    0.0550
    0.0150
    0.0100
   -0.0150
   -0.0100
   -0.0100
   -0.0100
   -0.0150
   -0.0050
         0
         0
   -0.0050
   -0.0150
   -0.0150
   -0.0200
   -0.0250
   -0.0400
   -0.0550
   -0.0500
   -0.0550
   -0.0500
   -0.0700
   -0.0700
   -0.0700
   -0.0800
   -0.0700
   -0.0750
   -0.0750
   -0.0800
   -0.0750
   -0.0850
   -0.0750
   -0.0750
   -0.0750
   -0.0800
   -0.0850
   -0.0900
   -0.0750
   -0.0800
   -0.0750
   -0.1000
   -0.0950
   -0.0800
   -0.0850
   -0.0750
   -0.0250
    0.0300
    0.0200
    0.0850
    0.1500
    0.1050
    0.0250
   -0.0400
   -0.0350
   -0.1500
   -0.2000
   -0.2100
   -0.1950
   -0.1950
   -0.2250
    0.0950
    0.8350
    1.3900
    0.5850
   -0.3500
   -0.6850
   -0.5050
   -0.2350
   -0.1600
   -0.1500
   -0.1500
   -0.1350
   -0.1400
   -0.1200
   -0.1000
   -0.0750
   -0.0600
   -0.0350
   -0.0150
    0.0100
    0.0350
    0.0700
    0.1000
    0.1400
    0.1700
    0.2100
    0.2300
    0.2500
    0.2600
    0.2600
    0.2600
    0.2350
    0.2000
    0.1550
    0.1150
    0.0700
    0.0350
    0.0100
    0.0100
         0
         0
   -0.0050
         0
         0
         0
         0
         0
         0
         0
   -0.0100
   -0.0100
   -0.0150
   -0.0250
   -0.0300
   -0.0400
   -0.0450
   -0.0550
   -0.0550
   -0.0600
   -0.0600
   -0.0650
   -0.0650
   -0.0650
   -0.0600
   -0.0650
   -0.0650
   -0.0800
   -0.0750
   -0.0800
   -0.0700
   -0.0850
   -0.0700
   -0.0850
   -0.0700
   -0.0850
   -0.0700
   -0.0900
   -0.0800
   -0.0900
   -0.0750
   -0.0950
   -0.0800
   -0.0550
    0.0050
    0.0400
    0.0400
    0.1500
    0.1400
    0.0650
    0.0050
   -0.0450
   -0.0550
   -0.1900
   -0.1900
   -0.2100
   -0.1800
   -0.2050
   -0.1600
    0.2550
    1.1500
    1.6400
    0.0050
   -0.7200
   -0.5900
   -0.3650
   -0.1550
   -0.1800
   -0.1450
   -0.1550
   -0.1250
   -0.1300
   -0.0950
   -0.0950
   -0.0600
   -0.0550
   -0.0150
   -0.0050
    0.0250
    0.0450
    0.0850
    0.1150
    0.1650
    0.2050
    0.2450
    0.2500
    0.2600
    0.2550
    0.2500
    0.2500
    0.2300
    0.1850
    0.1450
    0.1050
    0.0600
    0.0250
    0.0050
         0
   -0.0100
         0
         0
         0
         0
         0
         0
    0.0050
         0
   -0.0050
   -0.0050
   -0.0100
   -0.0150
   -0.0200
   -0.0250
   -0.0350
   -0.0450
   -0.0350
   -0.0500
   -0.0500
   -0.0550
   -0.0550
   -0.0600
   -0.0550
   -0.0600
   -0.0650
   -0.0650
   -0.0600
   -0.0600
   -0.0500
   -0.0700
   -0.0600
   -0.0650
   -0.0550
   -0.0700
   -0.0600
   -0.0800
   -0.0650
   -0.0800
   -0.0800
   -0.0850
   -0.0750
   -0.0850
   -0.0750
   -0.0900
   -0.0800
   -0.0450
         0
    0.0400
    0.0700
    0.1800
    0.1450
    0.0500
         0
   -0.0350
   -0.0850
   -0.1850
   -0.1850
   -0.1900
   -0.1700
   -0.2250
   -0.0250
    0.5000
    1.1300
    1.1850
   -0.0700
   -0.7000
   -0.6200
   -0.3550
   -0.1500
   -0.1600
   -0.1400
   -0.1450
   -0.1200
   -0.1150
   -0.0950
   -0.0850
   -0.0750
   -0.0650
   -0.0300
   -0.0150
    0.0100
    0.0300
    0.0800
    0.1000
    0.1400
    0.1700
    0.2150
    0.2300
    0.2450
    0.2450
    0.2600
    0.2400
    0.2250
    0.1800
    0.1600
    0.1150
    0.0650
    0.0450
    0.0450
    0.0150
         0
    0.0050
    0.0050
    0.0100
         0
         0
   -0.0050
   -0.0050
   -0.0100
   -0.0200
   -0.0300
   -0.0300
   -0.0250
   -0.0400
   -0.0300
   -0.0600
   -0.0500
   -0.0450
   -0.0450
   -0.0550
   -0.0600
   -0.0550
   -0.0650
   -0.0650
   -0.0600
   -0.0550
   -0.0600
   -0.0700
   -0.0550
   -0.0750
   -0.0600
   -0.0750
   -0.0750
   -0.0800
   -0.0800
   -0.0900
   -0.0800
   -0.0900
   -0.0700
   -0.0700
   -0.0200
    0.0250
    0.0450
    0.1000
    0.1850
    0.1300
    0.0400
   -0.0300
   -0.0200
   -0.1300
   -0.1550
   -0.1700
   -0.1650
   -0.1800
   -0.2000
    0.1450
    0.8450
    1.3500
    0.5750
   -0.2950
   -0.6650
   -0.5450
   -0.2750
   -0.1600
   -0.1500
   -0.1450
   -0.1350
   -0.1400
   -0.1250
   -0.1050
   -0.0850
   -0.0700
   -0.0550
   -0.0400
         0
    0.0200
    0.0650
    0.0650
    0.1050
    0.1400
    0.1900
    0.1950
    0.2250
    0.2200
    0.2200
    0.2300
    0.2150
    0.1750
    0.1350
    0.0900
    0.0500
    0.0250
    0.0100
   -0.0050
   -0.0150
   -0.0100
         0
         0
         0
         0
         0
         0
   -0.0050
         0
   -0.0250
   -0.0250
   -0.0250
   -0.0250
   -0.0300
   -0.0500
   -0.0350
   -0.0500
   -0.0450
   -0.0550
   -0.0500
   -0.0550
   -0.0550
   -0.0800
   -0.0500
   -0.0650
   -0.0500
   -0.0800
   -0.0750
   -0.0750
   -0.0750
   -0.0850
   -0.0600
   -0.0800
   -0.0850
   -0.0750
   -0.0200
    0.0200
    0.0450
    0.1250
    0.1650
    0.1150
    0.0200
   -0.0450
   -0.0400
   -0.1650
   -0.1850
   -0.2100
   -0.1800
   -0.2050
   -0.2100
    0.1600
    0.9500
    1.4750
    0.3750
   -0.4500
   -0.7000
   -0.5250
   -0.2500
   -0.1700
   -0.1650
   -0.1650
   -0.1350
   -0.1350
   -0.1100
   -0.1150
   -0.0850
   -0.0800
   -0.0450
   -0.0350
    0.0100
    0.0200
    0.0400
    0.0900
    0.1300
    0.1700
    0.2050
    0.2100
    0.2500
    0.2350
    0.2500
    0.2250
    0.2250
    0.1700
    0.1250
    0.1000
    0.0350
    0.0100
   -0.0150
   -0.0200
   -0.0350
   -0.0250
   -0.0300
   -0.0300
   -0.0300
   -0.0350
   -0.0450
   -0.0400
   -0.0350
   -0.0400
   -0.0550
   -0.0500
   -0.0400
   -0.0700
   -0.0600
   -0.0650
   -0.0600
   -0.0950
   -0.0950
   -0.1000
   -0.0650
   -0.0950
   -0.1150
   -0.0900
   -0.0850
   -0.1200
   -0.0800
   -0.1250
   -0.1150
   -0.1050
   -0.0850
   -0.0650
    0.0100
    0.0400
    0.0600
    0.1950
    0.1550
    0.0750
         0
   -0.0350
   -0.0900
   -0.1850
   -0.1800
   -0.1900
   -0.1700
   -0.2350
   -0.0800
    0.4450
    1.1800
    1.4150
    0.0400
   -0.7100
   -0.6750
   -0.4100
   -0.1650
   -0.1750
   -0.1400
   -0.1300
   -0.1100
   -0.1200
   -0.1000
   -0.0850
   -0.0550
   -0.0450
   -0.0150
   -0.0050
    0.0250
    0.0550
    0.1000
    0.1300
    0.1750
    0.1850
    0.2350
    0.2500
    0.2650
    0.2650
    0.2700
    0.2550
    0.2150
    0.1700
    0.1100
    0.0600
    0.0400
         0
   -0.0100
   -0.0250
   -0.0200
   -0.0300
   -0.0400
   -0.0400
   -0.0300
   -0.0200
   -0.0300
   -0.0350
   -0.0350
   -0.0400
   -0.0550
   -0.0450
   -0.0650
   -0.0650
   -0.0750
   -0.0700
   -0.0800
   -0.0800
   -0.0900
   -0.0800
   -0.0900
   -0.0950
   -0.1000
   -0.0950
   -0.1000
   -0.1000
   -0.1100
   -0.1050
   -0.1100
   -0.1050
   -0.0900
   -0.0250
    0.0300
    0.0150
    0.0950
    0.1300
    0.0850
    0.0050
   -0.0500
   -0.0600
   -0.1750
   -0.2100
   -0.2100
   -0.2050
   -0.2100
   -0.2450
    0.0650
    0.8900
    1.5750
    0.7850
   -0.3800
   -0.7150
   -0.4750
   -0.2250
   -0.1800
   -0.1750
   -0.1650
   -0.1550
   -0.1450
   -0.1250
   -0.1150
   -0.0900
   -0.0750
   -0.0450
   -0.0200
         0
    0.0350
    0.0700
    0.1100
    0.1500
    0.1900
    0.2300
    0.2600
    0.2700
    0.2750
    0.2800
    0.2700
    0.2400
    0.1950
    0.1450
    0.0950
    0.0550
    0.0250
         0
   -0.0050
   -0.0100
   -0.0100
   -0.0050
   -0.0050
   -0.0050
         0
         0
         0
         0
   -0.0100
   -0.0150
   -0.0200
   -0.0250
   -0.0350
   -0.0400
   -0.0500
   -0.0550
   -0.0600
   -0.0650
   -0.0650
   -0.0650
   -0.0650
   -0.0750
   -0.0650
   -0.0750
   -0.0750
   -0.0750
   -0.0750
   -0.0800
   -0.0750
   -0.0850
   -0.0700
   -0.0800
   -0.0700
   -0.0800
   -0.0800
   -0.0900
   -0.0800
   -0.0900
   -0.0800
   -0.0950
   -0.0850
   -0.0600
   -0.0100
    0.0350
    0.0300
    0.1250
    0.1400
    0.0900
    0.0150
   -0.0300
   -0.0350
   -0.1600
   -0.1850
   -0.1850
   -0.1500
   -0.1850
   -0.1950
    0.1500
    1.0650
    1.7150
    0.3800
   -0.6200
   -0.6300
   -0.3900
   -0.1600
   -0.1650
   -0.1500
   -0.1600
   -0.1350
   -0.1350
   -0.1300
   -0.1100
   -0.0850
   -0.0700
   -0.0350
   -0.0250
         0
    0.0300
    0.0850
    0.0950
    0.1500
    0.1750
    0.2250
    0.2400
    0.2550
    0.2750
    0.2750
    0.2650
    0.2600
    0.2100
    0.1750
    0.1100
    0.0700
    0.0400
    0.0250
         0
   -0.0100
   -0.0050
   -0.0050
   -0.0200
   -0.0100
   -0.0200
   -0.0050
         0
   -0.0300
   -0.0200
   -0.0250
   -0.0150
   -0.0400
   -0.0350
   -0.0450
   -0.0550
   -0.0450
   -0.0600
   -0.0600
   -0.0550
   -0.0700
   -0.0600
   -0.0700
   -0.0600
   -0.0850
   -0.0800
   -0.0700
   -0.0650
   -0.0800
   -0.0850
   -0.0800
   -0.1050
   -0.0900
   -0.0800
   -0.0850
   -0.1000
   -0.0900
   -0.1000
   -0.0800
   -0.0200
    0.0050
    0.0300
    0.0900
    0.1700
    0.1250
    0.0400
   -0.0350
   -0.0250
   -0.1550
   -0.1950
   -0.2000
   -0.1850
   -0.1950
   -0.2050
    0.1150
    0.7800
    1.2650
    0.5950
   -0.2850
   -0.7200
   -0.6150
   -0.3300
   -0.1800
   -0.1650
   -0.1500
   -0.1400
   -0.1400
   -0.1250
   -0.1150
   -0.0850
   -0.0550
   -0.0350
   -0.0250
    0.0050
    0.0100
    0.0600
    0.0800
    0.1000
    0.1450
    0.1700
    0.2100
    0.2300
    0.2300
    0.2500
    0.2350
    0.2200
    0.1950
    0.1650
    0.1250
    0.0700
    0.0400
    0.0250
    0.0050
   -0.0050
   -0.0100
         0
    0.0050
         0
         0
   -0.0050
   -0.0100
   -0.0100
   -0.0300
   -0.0300
   -0.0200
   -0.0200
   -0.0500
   -0.0500
   -0.0650
   -0.0550
   -0.0650
   -0.0650
   -0.0700
   -0.0700
   -0.0800
   -0.0850
   -0.0850
   -0.0800
   -0.0750
   -0.0650
   -0.0900
   -0.1050
   -0.0700
   -0.1050
   -0.0750
   -0.0950
   -0.0700
   -0.0950
   -0.0850
   -0.0900
   -0.0700
   -0.0700
   -0.0050
    0.0200
    0.0450
    0.1350
    0.2000
    0.1150
    0.0300
   -0.0300
   -0.0350
   -0.1700
   -0.1750
   -0.1750
   -0.1700
   -0.2050
   -0.1650
    0.2650
    1.0750
    1.5700
    0.2100
   -0.5700
   -0.7100
   -0.5100
   -0.2400
   -0.1700
   -0.1550
   -0.1450
   -0.1350
   -0.1250
   -0.1050
   -0.1100
   -0.0550
   -0.0750
   -0.0150
   -0.0300
    0.0250
    0.0300
    0.0600
    0.1000
    0.1550
    0.1700
    0.2250
    0.2400
    0.2750
    0.2550
    0.2500
    0.2500
    0.2200
    0.1850
    0.1400
    0.0800
    0.0600
    0.0100
         0
   -0.0100
   -0.0350
   -0.0150
   -0.0200
   -0.0200
   -0.0150
   -0.0050
         0
   -0.0300
   -0.0150
   -0.0300
   -0.0400
   -0.0350
   -0.0500
   -0.0550
   -0.0600
   -0.0750
   -0.0800
   -0.0900
   -0.0700
   -0.0750
   -0.0800
   -0.0950
   -0.0850
   -0.1000
   -0.0900
   -0.1000
   -0.1000
   -0.1200
   -0.1350
   -0.1000
   -0.0150
    0.0100
    0.0350
    0.1200
    0.1700
    0.0850
   -0.0050
   -0.0600
   -0.0550
   -0.1950
   -0.2150
   -0.2200
   -0.2000
   -0.2500
   -0.1450
    0.3100
    1.2000
    1.6450
    0.0550
   -0.7500
   -0.7950
   -0.5050
   -0.2400
   -0.2100
   -0.1400
   -0.1700
   -0.1400
   -0.1650
   -0.1200
   -0.1150
   -0.0750
   -0.0750
   -0.0500
         0
   -0.0200
    0.0450
    0.0650
    0.1150
    0.1650
    0.1900
    0.2450
    0.2550
    0.2500
    0.2600
    0.2850
    0.2650
    0.1850
    0.1700
    0.0950
    0.0550
    0.0300
   -0.0500
   -0.0250
   -0.0600
   -0.0450
   -0.0600
   -0.0700
   -0.0650
   -0.0500
   -0.0500
   -0.0550
   -0.0400
   -0.0450
   -0.0500
   -0.0500
   -0.0700
   -0.0950
   -0.0750
   -0.0800
   -0.0950
   -0.0850
   -0.1000
   -0.0950
   -0.1250
   -0.1000
   -0.1000
   -0.0900
   -0.0550
    0.0150
    0.0200
    0.0600
    0.1600
    0.1400
    0.0350
   -0.0250
   -0.0350
   -0.1250
   -0.2150
   -0.2100
   -0.1900
   -0.2050
   -0.2650
   -0.0050
    0.7450
    1.4800
    1.1300
   -0.2750
   -0.8550
   -0.6500
   -0.3550
   -0.1750
   -0.1750
   -0.1550
   -0.1500
   -0.1500
   -0.1350
   -0.1200
   -0.0750
   -0.0850
   -0.0550
   -0.0200
         0
    0.0100
    0.0650
    0.0950
    0.1200
    0.2100
    0.2300
    0.2650
    0.2850
    0.2900
    0.3000
    0.2750
    0.2400
    0.1800
    0.1400
    0.0700
    0.0050
   -0.0100
   -0.0300
   -0.0650
   -0.0700
   -0.0700
   -0.0750
   -0.0800
   -0.0600
   -0.0600
   -0.0600
   -0.0550
   -0.0550
   -0.0550
   -0.0600
   -0.0700
   -0.0800
   -0.0800
   -0.0800
   -0.1100
   -0.1000
   -0.1100
   -0.0950
   -0.1100
   -0.1250
   -0.1350
   -0.0850
   -0.0600
    0.0050
    0.0150
    0.0450
    0.1450
    0.1350
    0.0300
   -0.0300
   -0.0650
   -0.1200
   -0.2250
   -0.2200
   -0.2250
   -0.2150
   -0.2550
   -0.0500
    0.6150
    1.4650
    1.4750
   -0.1850
   -0.8850
   -0.6150
   -0.3350
   -0.1700
   -0.1750
   -0.1600
   -0.1500
   -0.1400
   -0.1550
   -0.1300
   -0.1150
   -0.0600
   -0.0700
   -0.0400
   -0.0250
    0.0200
    0.0400
    0.0900
    0.1200
    0.1800
    0.2250
    0.2550
    0.2850
    0.3000
    0.3000
    0.2900
    0.2350
    0.2000
    0.1400
    0.0900
    0.0350
    0.0050
   -0.0250
   -0.0400
   -0.0500
   -0.0400
   -0.0450
   -0.0450
   -0.0400
   -0.0400
   -0.0450
   -0.0450
   -0.0500
   -0.0400
   -0.0650
   -0.0550
   -0.0650
   -0.0700
   -0.0800
   -0.0800
   -0.0950
   -0.0750
   -0.0900
   -0.1050
   -0.1150
   -0.1050
   -0.1250
   -0.1000
   -0.1150
   -0.1050
   -0.0700
   -0.0050
    0.0300
    0.0350
    0.1250
    0.1450
    0.0800
    0.0250
   -0.0500
   -0.0600
   -0.1900
   -0.2000
   -0.2100
   -0.2050
   -0.2250
   -0.2350
    0.1550
    1.0900
    1.7500
    0.4200
   -0.5750
   -0.6700
   -0.4200
   -0.1750
   -0.1750
   -0.1550
   -0.1650
   -0.1450
   -0.1550
   -0.1200
   -0.1250
   -0.0850
   -0.0800
   -0.0450
   -0.0400
         0
    0.0250
    0.0650
    0.0900
    0.1500
    0.1800
    0.2250
    0.2400
    0.2650
    0.2750
    0.2800
    0.2600
    0.2350
    0.1800
    0.1250
    0.0700
    0.0300
         0
   -0.0200
   -0.0300
   -0.0300
   -0.0350
   -0.0300
   -0.0300
   -0.0350
   -0.0250
   -0.0350
   -0.0350
   -0.0300
   -0.0400
   -0.0550
   -0.0600
   -0.0800
   -0.0750
   -0.0800
   -0.0800
   -0.0900
   -0.0900
   -0.1050
   -0.1000
   -0.1050
   -0.1000
   -0.1050
   -0.1000
   -0.1050
   -0.1000
   -0.0750
   -0.0050
    0.0400
    0.0050
    0.1150
    0.1350
    0.1000
    0.0050
   -0.0600
   -0.0700
   -0.1800
   -0.2150
   -0.2150
   -0.2000
   -0.2050
   -0.2450
    0.0600
    0.8900
    1.5800
    0.7000
   -0.4700
   -0.6850
   -0.4100
   -0.1900
   -0.1850
   -0.1750
   -0.1700
   -0.1500
   -0.1400
   -0.1300
   -0.1200
   -0.0950
   -0.0700
   -0.0450
   -0.0250
   -0.0050
    0.0250
    0.0500
    0.0850
    0.1350
    0.1800
    0.2100
    0.2400
    0.2700
    0.2600
    0.2700
    0.2700
    0.2400
    0.1900
    0.1400
    0.0950
    0.0550
    0.0150
   -0.0050
   -0.0050
   -0.0100
   -0.0100
   -0.0200
   -0.0150
   -0.0100
   -0.0200
   -0.0250
   -0.0200
   -0.0350
   -0.0300
   -0.0250
   -0.0550
   -0.0550
   -0.0550
   -0.0650
   -0.0700
   -0.0600
   -0.0750
   -0.0800
   -0.0950
   -0.0800
   -0.0950
   -0.0900
   -0.0900
   -0.0950
   -0.1000
   -0.0900
   -0.1100
   -0.0850
   -0.0600
   -0.0150
    0.0300
    0.0450
    0.1300
    0.1600
    0.0950
    0.0450
   -0.0350
   -0.0400
   -0.1750
   -0.1900
   -0.1950
   -0.1950
   -0.2000
   -0.2100
    0.1250
    0.8650
    1.4500
    0.4500
   -0.4800
   -0.7200
   -0.5350
   -0.2350
   -0.1800
   -0.1700
   -0.1600
   -0.1600
   -0.1450
   -0.1400
   -0.1250
   -0.0800
   -0.0850
   -0.0600
   -0.0400
    0.0050
    0.0200
    0.0450
    0.0850
    0.1350
    0.1550
    0.1950
    0.2150
    0.2300
    0.2700
    0.2650
    0.2600
    0.2350
    0.1750
    0.1600
    0.0900
    0.0500
    0.0200
    0.0100
   -0.0150
   -0.0250
   -0.0150
   -0.0200
   -0.0050
   -0.0300
   -0.0050
   -0.0150
   -0.0300
   -0.0200
   -0.0300
   -0.0100
   -0.0450
   -0.0650
   -0.0700
   -0.0750
   -0.0550
   -0.0700
   -0.0850
   -0.0650
   -0.1000
   -0.0600
   -0.1050
   -0.0800
   -0.0950
   -0.0950
   -0.1000
   -0.0900
   -0.1100
   -0.0850
   -0.0700
   -0.0050
    0.0250
    0.0550
    0.1400
    0.1550
    0.0900
    0.0200
   -0.0350
   -0.0750
   -0.1650
   -0.1950
   -0.2100
   -0.2050
   -0.2250
   -0.1700
    0.2200
    1.0550
    1.5450
    0.1900
   -0.6500
   -0.7650
   -0.5350
   -0.2350
   -0.1950
   -0.1350
   -0.1600
   -0.1350
   -0.1400
   -0.1200
   -0.0950
   -0.0800
   -0.0650
   -0.0350
   -0.0100
         0
    0.0200
    0.0600
    0.1000
    0.1400
    0.1600
    0.2100
    0.2250
    0.2300
    0.2650
    0.2400
    0.2400
    0.2250
    0.1650
    0.1200
    0.0850
    0.0400
         0
         0
   -0.0250
   -0.0100
   -0.0250
   -0.0500
   -0.0100
   -0.0250
   -0.0300
   -0.0100
   -0.0400
   -0.0400
   -0.0400
   -0.0250
   -0.0650
   -0.0550
   -0.0750
   -0.0650
   -0.0850
   -0.0800
   -0.0700
   -0.0850
   -0.1000
   -0.0900
   -0.0900
   -0.1000
   -0.1100
   -0.1000
   -0.0900
   -0.0700
   -0.0450
         0
    0.0350
    0.0600
    0.1850
    0.1600
    0.0650
    0.0300
   -0.0400
   -0.1100
   -0.1800
   -0.1950
   -0.2050
   -0.1850
   -0.2400
   -0.0500
    0.5800
    1.3300
    1.2900
   -0.1500
   -0.8400
   -0.7050
   -0.3950
   -0.1900
   -0.1750
   -0.1550
   -0.1850
   -0.1250
   -0.1450
   -0.1200
   -0.0900
   -0.0750
   -0.0500
   -0.0350
   -0.0100
    0.0250
    0.0300
    0.1050
    0.1150
    0.1650
    0.2000
    0.2350
    0.2600
    0.2650
    0.2650
    0.2850
    0.2400
    0.2000
    0.1600
    0.1100
    0.0700
    0.0150
   -0.0100
   -0.0150
   -0.0250
   -0.0400
   -0.0300
   -0.0200
   -0.0300
   -0.0250
   -0.0200
   -0.0300
   -0.0350
   -0.0300
   -0.0400
   -0.0500
   -0.0650
   -0.0550
   -0.0650
   -0.0650
   -0.0850
   -0.0800
   -0.1050
   -0.0850
   -0.0950
   -0.0850
   -0.1150
   -0.1000
   -0.1150
   -0.0900
   -0.1250
   -0.1050
   -0.0650
         0
    0.0200
    0.0550
    0.1650
    0.1400
    0.0500
         0
   -0.0450
   -0.0950
   -0.1950
   -0.2050
   -0.2250
   -0.1950
   -0.2300
   -0.0950
    0.4550
    1.3450
    1.6050
   -0.0750
   -0.8450
   -0.6350
   -0.3650
   -0.1600
   -0.1700
   -0.1500
   -0.1600
   -0.1350
   -0.1300
   -0.1050
   -0.1000
   -0.0700
   -0.0550
   -0.0300
   -0.0150
    0.0200
    0.0550
    0.0850
    0.1050
    0.1750
    0.1950
    0.2350
    0.2550
    0.2550
    0.2700
    0.2700
    0.2500
    0.2200
    0.1800
    0.1200
    0.0650
    0.0350
    0.0150
         0
   -0.0150
   -0.0100
   -0.0200
   -0.0050
   -0.0050
   -0.0050
         0
         0
   -0.0050
   -0.0200
   -0.0200
   -0.0150
   -0.0300
   -0.0450
   -0.0500
   -0.0650
   -0.0750
   -0.0650
   -0.0700
   -0.0850
   -0.0800
   -0.0800
   -0.0850
   -0.0750
   -0.0800
   -0.0950
   -0.0900
   -0.0850
   -0.0750
   -0.0950
   -0.0950
   -0.0950
   -0.0950
   -0.1000
   -0.1100
   -0.0800
   -0.0250
    0.0250
    0.0200
    0.0950
    0.1550
    0.1100
    0.0150
   -0.0250
   -0.0350
   -0.1500
   -0.1900
   -0.1950
   -0.1950
   -0.2000
   -0.2350
    0.0650
    0.8700
    1.5750
    0.8000
   -0.3950
   -0.7400
   -0.4800
   -0.2200
   -0.1750
   -0.1650
   -0.1450
   -0.1350
   -0.1400
   -0.1200
   -0.1100
   -0.0800
   -0.0650
   -0.0500
   -0.0300
         0
    0.0200
    0.0550
    0.0800
    0.1150
    0.1600
    0.1900
    0.2150
    0.2400
    0.2450
    0.2500
    0.2500
    0.2350
    0.2050
    0.1650
    0.1250
    0.0800
    0.0450
    0.0300
    0.0150
    0.0100
    0.0100
    0.0050
    0.0100
    0.0050
    0.0100
         0
         0
   -0.0050
   -0.0150
   -0.0150
   -0.0200
   -0.0300
   -0.0400
   -0.0400
   -0.0500
   -0.0500
   -0.0550
   -0.0550
   -0.0650
   -0.0650
   -0.0600
   -0.0600
   -0.0600
   -0.0700
   -0.0750
   -0.0650
   -0.0700
   -0.0650
   -0.0700
   -0.0700
   -0.0800
   -0.0750
   -0.0800
   -0.0700
   -0.0800
   -0.0750
   -0.0850
   -0.0750
   -0.0900
   -0.0750
   -0.0900
   -0.0750
   -0.0900
   -0.0750
   -0.0550
         0
    0.0350
    0.0350
    0.1250
    0.1550
    0.0950
    0.0150
   -0.0300
   -0.0300
   -0.1550
   -0.1700
   -0.1850
   -0.1750
   -0.1950
   -0.1850
    0.1900
    1.1050
    1.6850
    0.1950
   -0.6500
   -0.6200
   -0.3850
   -0.1450
   -0.1550
   -0.1350
   -0.1450
   -0.1250
   -0.1350
   -0.1150
   -0.1100
   -0.0650
   -0.0550
   -0.0300
   -0.0200
    0.0150
    0.0400
    0.0800
    0.0950
    0.1300
    0.1500
    0.1900
    0.2100
    0.2150
    0.2200
    0.2350
    0.2300
    0.2250
    0.1950
    0.1700
    0.1300
    0.0900
    0.0550
    0.0400
    0.0200
    0.0100
    0.0100
    0.0050
    0.0150
    0.0100
    0.0100
         0
         0
         0
         0
   -0.0150
   -0.0200
   -0.0300
   -0.0350
   -0.0450
   -0.0450
   -0.0550
   -0.0400
   -0.0550
   -0.0500
   -0.0550
   -0.0400
   -0.0650
   -0.0600
   -0.0600
   -0.0500
   -0.0700
   -0.0650
   -0.0700
   -0.0550
   -0.0800
   -0.0650
   -0.0850
   -0.0600
   -0.0850
   -0.0750
   -0.0950
   -0.0650
   -0.0450
    0.0050
    0.0500
    0.0650
    0.1650
    0.1700
    0.0950
    0.0250
   -0.0400
   -0.0350
   -0.1700
   -0.1700
   -0.2000
   -0.1700
   -0.1950
   -0.1350
    0.2650
    1.0650
    1.5550
    0.0700
   -0.6950
   -0.6550
   -0.4150
   -0.1700
   -0.1600
   -0.1450
   -0.1450
   -0.1250
   -0.1400
   -0.1000
   -0.1100
   -0.0800
   -0.0650
   -0.0200
   -0.0150
    0.0150
    0.0250
    0.0650
    0.1050
    0.1250
    0.1600
    0.1800
    0.2000
    0.2300
    0.2050
    0.2300
    0.2150
    0.2050
    0.1650
    0.1500
    0.0900
    0.0600
    0.0300
    0.0150
    0.0150
         0
         0
         0
   -0.0100
    0.0050
   -0.0050
         0
   -0.0250
   -0.0250
   -0.0300
   -0.0400
   -0.0400
   -0.0450
   -0.0550
   -0.0550
   -0.0600
   -0.0550
   -0.0650
   -0.0700
   -0.0700
   -0.0800
   -0.0800
   -0.0750
   -0.0800
   -0.0850
   -0.0950
   -0.0800
   -0.0850
   -0.1000
   -0.0850
   -0.0900
   -0.1000
   -0.1000
   -0.1000
   -0.0250
    0.0150
    0.0200
    0.0800
    0.1850
    0.1200
    0.0550
   -0.0150
   -0.0250
   -0.1450
   -0.1700
   -0.2000
   -0.1950
   -0.1900
   -0.2350
    0.0600
    0.7300
    1.3050
    0.7250
   -0.2350
   -0.7200
   -0.6150
   -0.3300
   -0.1800
   -0.1550
   -0.1600
   -0.1350
   -0.1400
   -0.1100
   -0.1000
   -0.0800
   -0.0650
   -0.0400
   -0.0100
    0.0100
    0.0300
    0.0500
    0.0750
    0.1250
    0.1500
    0.1700
    0.1950
    0.2150
    0.2150
    0.2350
    0.2200
    0.2250
    0.1900
    0.1450
    0.1250
    0.0850
    0.0650
    0.0050
   -0.0050
         0
    0.0100
    0.0050
   -0.0050
   -0.0300
   -0.0250
   -0.0100
   -0.0150
   -0.0150
   -0.0450
   -0.0400
   -0.0300
   -0.0450
   -0.0650
   -0.0750
   -0.0600
   -0.0600
   -0.0800
   -0.0750
   -0.0850
   -0.0650
   -0.0800
   -0.0900
   -0.0850
   -0.0650
   -0.0900
   -0.0850
   -0.1000
   -0.0900
   -0.0900
   -0.0900
   -0.0950
   -0.0300
    0.0400
    0.0350
    0.0850
    0.2000
    0.1450
    0.0500
   -0.0100
   -0.0250
   -0.1300
   -0.1500
   -0.2000
   -0.1900
   -0.1700
   -0.2150
    0.0650
    0.8300
    1.4400
    0.7050
   -0.3200
   -0.7750
   -0.6100
   -0.3250
   -0.1800
   -0.1450
   -0.1550
   -0.1300
   -0.1300
   -0.1200
   -0.1000
   -0.0750
   -0.0750
   -0.0350
   -0.0350
    0.0050
    0.0300
    0.0500
    0.0700
    0.1250
    0.1500
    0.2050
    0.2000
    0.2150
    0.2350
    0.2250
    0.2350
    0.2050
    0.1900
    0.1500
    0.0950
    0.0750
    0.0350
    0.0150
         0
   -0.0150
   -0.0050
   -0.0150
   -0.0200
         0
   -0.0150
   -0.0100
   -0.0200
   -0.0250
   -0.0350
   -0.0200
   -0.0400
   -0.0550
   -0.0550
   -0.0550
   -0.0600
   -0.0700
   -0.0650
   -0.0700
   -0.0650
   -0.0650
   -0.0850
   -0.0650
   -0.0750
   -0.0950
   -0.0950
   -0.0900
   -0.0850
   -0.1000
   -0.0850
   -0.0750
   -0.0250
    0.0200
    0.0300
    0.0850
    0.1950
    0.1450
    0.0450
   -0.0150
   -0.0400
   -0.1350
   -0.2000
   -0.2200
   -0.2000
   -0.2050
   -0.2600
    0.0400
    0.7750
    1.4400
    0.9050
   -0.2800
   -0.7900
   -0.6000
   -0.3150
   -0.1700
   -0.1650
   -0.1600
   -0.1400
   -0.1400
   -0.1350
   -0.1250
   -0.0900
   -0.0750
   -0.0400
   -0.0300
    0.0050
    0.0250
    0.0400
    0.0850
    0.1150
    0.1550
    0.2000
    0.2200
    0.2300
    0.2400
    0.2500
    0.2600
    0.2450
    0.2000
    0.1600
    0.1150
    0.0700
    0.0400
    0.0100
         0
   -0.0050
   -0.0100
   -0.0150
         0
         0
   -0.0050
   -0.0150
   -0.0050
   -0.0150
   -0.0250
   -0.0350
   -0.0350
   -0.0450
   -0.0500
   -0.0600
   -0.0600
   -0.0750
   -0.0600
   -0.0800
   -0.0700
   -0.0750
   -0.0750
   -0.0950
   -0.0750
   -0.0900
   -0.0800
   -0.0950
   -0.0800
   -0.0950
   -0.0800
   -0.1000
   -0.0900
   -0.0650
         0
    0.0400
    0.0450
    0.1600
    0.1500
    0.0700
    0.0200
   -0.0400
   -0.0650
   -0.1900
   -0.1850
   -0.2000
   -0.1900
   -0.2200
   -0.1550
    0.2950
    1.2200
    1.7100
    0.0650
   -0.7300
   -0.6300
   -0.3950
   -0.1500
   -0.1700
   -0.1550
   -0.1650
   -0.1400
   -0.1400
   -0.1100
   -0.1050
   -0.0750
   -0.0650
   -0.0300
   -0.0200
    0.0100
    0.0350
    0.0750
    0.1000
    0.1450
    0.1700
    0.2000
    0.2100
    0.2200
    0.2200
    0.2300
    0.2200
    0.2050
    0.1650
    0.1350
    0.0950
    0.0550
    0.0250
    0.0100
    0.0050
         0
   -0.0050
         0
    0.0050
    0.0050
         0
         0
   -0.0050
   -0.0150
   -0.0200
   -0.0300
   -0.0300
   -0.0400
   -0.0450
   -0.0550
   -0.0550
   -0.0600
   -0.0600
   -0.0650
   -0.0650
   -0.0750
   -0.0700
   -0.0800
   -0.0750
   -0.0850
   -0.0750
   -0.0850
   -0.0800
   -0.0900
   -0.0950
   -0.1050
   -0.0950
   -0.1050
   -0.1000
   -0.0700
   -0.0050
    0.0300
    0.0200
    0.1100
    0.1500
    0.1050
    0.0200
   -0.0350
   -0.0400
   -0.1600
   -0.1900
   -0.2000
   -0.1850
   -0.1900
   -0.2250
    0.0850
    0.9150
    1.5600
    0.5500
   -0.5000
   -0.6950
   -0.4400
   -0.1800
   -0.1700
   -0.1600
   -0.1550
   -0.1350
   -0.1350
   -0.1200
   -0.1100
   -0.0850
   -0.0650
   -0.0400
   -0.0200
    0.0050
    0.0250
    0.0600
    0.0850
    0.1200
    0.1550
    0.1800
    0.1950
    0.2050
    0.1950
    0.2100
    0.2100
    0.2000
    0.1750
    0.1550
    0.1100
    0.0750
    0.0500
    0.0250
    0.0100
    0.0100
         0
         0
    0.0100
    0.0050
         0
         0
   -0.0100
   -0.0200
   -0.0200
   -0.0250
   -0.0200
   -0.0350
   -0.0400
   -0.0450
   -0.0550
   -0.0600
   -0.0600
   -0.0650
   -0.0650
   -0.0750
   -0.0650
   -0.0800
   -0.0700
   -0.0750
   -0.0650
   -0.0750
   -0.0850
   -0.0850
   -0.0700
   -0.0850
   -0.0800
   -0.0950
   -0.0700
   -0.0950
   -0.0800
   -0.0550
         0
    0.0300
    0.0500
    0.1500
    0.1650
    0.1150
    0.0350
   -0.0300
   -0.0450
   -0.1650
   -0.1650
   -0.1850
   -0.1750
   -0.2000
   -0.1800
    0.1750
    0.9600
    1.4800
    0.2350
   -0.5500
   -0.6750
   -0.4550
   -0.1900
   -0.1700
   -0.1450
   -0.1650
   -0.1250
   -0.1300
   -0.1000
   -0.1000
   -0.0800
   -0.0750
   -0.0400
   -0.0300
    0.0050
    0.0150
    0.0550
    0.0700
    0.1050
    0.1250
    0.1600
    0.1750
    0.1900
    0.1800
    0.2000
    0.2100
    0.1950
    0.1650
    0.1550
    0.1100
    0.0800
    0.0350
    0.0350
    0.0250
    0.0150
         0
         0
         0
    0.0050
         0
   -0.0050
   -0.0100
   -0.0200
   -0.0150
   -0.0350
   -0.0450
   -0.0450
   -0.0450
   -0.0400
   -0.0600
   -0.0750
   -0.0650
   -0.0600
   -0.0650
   -0.0700
   -0.0700
   -0.0800
   -0.0700
   -0.0700
   -0.0750
   -0.0900
   -0.0900
   -0.0750
   -0.0900
   -0.0800
   -0.1000
   -0.0850
   -0.0900
   -0.0750
   -0.1150
   -0.0900
   -0.0700
   -0.0200
    0.0150
    0.0250
    0.1300
    0.1700
    0.0950
    0.0150
   -0.0400
   -0.0550
   -0.1850
   -0.1850
   -0.2050
   -0.1750
   -0.2200
   -0.1650
    0.2450
    1.0050
    1.4550
    0.1750
   -0.5600
   -0.7050
   -0.5000
   -0.2300
   -0.1850
   -0.1550
   -0.1550
   -0.1350
   -0.1450
   -0.1100
   -0.1050
   -0.0750
   -0.0750
   -0.0350
   -0.0350
         0
    0.0150
    0.0550
    0.0700
    0.1050
    0.1250
    0.1550
    0.1600
    0.1850
    0.1950
    0.2100
    0.1950
    0.1750
    0.1600
    0.1350
    0.1000
    0.0600
    0.0350
    0.0150
    0.0100
   -0.0050
   -0.0100
   -0.0050
         0
         0
   -0.0150
   -0.0150
   -0.0200
   -0.0350
   -0.0450
   -0.0500
   -0.0450
   -0.0600
   -0.0700
   -0.0800
   -0.0700
   -0.0750
   -0.0800
   -0.0850
   -0.0850
   -0.0900
   -0.0850
   -0.0850
   -0.0950
   -0.1000
   -0.0900
   -0.1000
   -0.0950
   -0.1050
   -0.1000
   -0.1000
   -0.1000
   -0.1100
   -0.0950
   -0.0550
    0.0100
    0.0200
    0.0550
    0.1700
    0.1200
    0.0400
   -0.0200
   -0.0400
   -0.1300
   -0.2000
   -0.1950
   -0.2000
   -0.1950
   -0.2450
         0
    0.6450
    1.3000
    0.9900
   -0.2050
   -0.7350
   -0.5600
   -0.3000
   -0.1600
   -0.1600
   -0.1400
   -0.1400
   -0.1250
   -0.1150
   -0.0950
   -0.0850
   -0.0600
   -0.0450
   -0.0200
         0
    0.0300
    0.0500
    0.0850
    0.1150
    0.1450
    0.1750
    0.2000
    0.2050
    0.2100
    0.2200
    0.2200
    0.2100
    0.1850
    0.1500
    0.1050
    0.0700
    0.0400
    0.0200
    0.0050
         0
         0
   -0.0050
         0
   -0.0050
         0
         0
         0
   -0.0100
   -0.0150
   -0.0250
   -0.0300
   -0.0350
   -0.0400
   -0.0500
   -0.0500
   -0.0550
   -0.0600
   -0.0700
   -0.0650
   -0.0750
   -0.0650
   -0.0700
   -0.0650
   -0.0800
   -0.0700
   -0.0800
   -0.0750
   -0.0850
   -0.0750
   -0.0850
   -0.0800
   -0.0850
   -0.0750
   -0.0950
   -0.0800
   -0.0950
   -0.0800
   -0.0950
   -0.0850
   -0.1050
   -0.0850
   -0.0700
   -0.0100
    0.0250
    0.0300
    0.1100
    0.1500
    0.0950
    0.0200
   -0.0350
   -0.0300
   -0.1650
   -0.1800
   -0.1900
   -0.1650
   -0.2000
   -0.1900
    0.1800
    1.0850
    1.6400
    0.1900
   -0.6400
   -0.6250
   -0.3900
   -0.1500
   -0.1600
   -0.1400
   -0.1500
   -0.1300
   -0.1350
   -0.1050
   -0.1150
   -0.0750
   -0.0700
   -0.0300
   -0.0150
    0.0150
    0.0300
    0.0600
    0.0850
    0.1250
    0.1500
    0.1850
    0.1950
    0.2100
    0.2050
    0.2100
    0.2050
    0.2000
    0.1700
    0.1450
    0.1100
    0.0800
    0.0500
    0.0250
    0.0150
    0.0100
    0.0100
    0.0150
    0.0100
    0.0150
    0.0150
    0.0150
    0.0050
         0
         0
   -0.0050
   -0.0150
   -0.0200
   -0.0300
   -0.0250
   -0.0350
   -0.0350
   -0.0400
   -0.0400
   -0.0450
   -0.0450
   -0.0550
   -0.0550
   -0.0600
   -0.0550
   -0.0600
   -0.0550
   -0.0650
   -0.0650
   -0.0650
   -0.0650
   -0.0700
   -0.0600
   -0.0750
   -0.0650
   -0.0750
   -0.0650
   -0.0750
   -0.0700
   -0.0800
   -0.0650
   -0.0800
   -0.0700
   -0.0800
   -0.0800
   -0.0650
   -0.0100
    0.0350
    0.0400
    0.1050
    0.1800
    0.1200
    0.0300
   -0.0250
   -0.0200
   -0.1450
   -0.1800
   -0.1900
   -0.1850
   -0.1900
   -0.2050
    0.1200
    0.9000
    1.4400
    0.3200
   -0.5300
   -0.6750
   -0.4550
   -0.1900
   -0.1700
   -0.1550
   -0.1550
   -0.1350
   -0.1450
   -0.1200
   -0.1100
   -0.0750
   -0.0650
   -0.0350
   -0.0300
    0.0100
    0.0250
    0.0600
    0.0750
    0.1100
    0.1450
    0.1700
    0.1850
    0.1950
    0.2000
    0.2150
    0.2000
    0.2050
    0.1900
    0.1600
    0.1100
    0.0800
    0.0550
    0.0300
    0.0150
    0.0100
   -0.0100
    0.0100
    0.0100
         0
   -0.0050
         0
         0
         0
   -0.0200
   -0.0300
   -0.0300
   -0.0350
   -0.0500
   -0.0400
   -0.0450
   -0.0600
   -0.0600
   -0.0500
   -0.0550
   -0.0500
   -0.0650
   -0.0550
   -0.0600
   -0.0600
   -0.0550
   -0.0700
   -0.0750
   -0.0650
   -0.0750
   -0.0750
   -0.0850
   -0.0700
   -0.0700
   -0.0700
   -0.1000
   -0.0550
   -0.0900
   -0.0750
   -0.0650
   -0.0250
    0.0250
    0.0500
    0.1200
    0.2100
    0.1250
    0.0450
   -0.0300
   -0.0250
   -0.1600
   -0.1700
   -0.1950
   -0.1600
   -0.2000
   -0.1700
    0.2150
    0.9150
    1.3950
    0.3200
   -0.4050
   -0.7000
   -0.5450
   -0.2450
   -0.1600
   -0.1250
   -0.1500
   -0.1100
   -0.1400
   -0.0950
   -0.0850
   -0.0550
   -0.0600
   -0.0150
   -0.0100
    0.0300
    0.0400
    0.0450
    0.0950
    0.1300
    0.1250
    0.1850
    0.1900
    0.2050
    0.2000
    0.2100
    0.2200
    0.2150
    0.1900
    0.1500
    0.1200
    0.0800
    0.0550
    0.0400
    0.0200
         0
   -0.0100
         0
    0.0050
   -0.0100
   -0.0100
   -0.0050
   -0.0050
   -0.0200
   -0.0250
   -0.0100
   -0.0450
   -0.0400
   -0.0400
   -0.0550
   -0.0700
   -0.0650
   -0.0750
   -0.0750
   -0.0700
   -0.0700
   -0.0750
   -0.0850
   -0.0750
   -0.0650
   -0.0850
   -0.1000
   -0.0800
   -0.0900
   -0.0850
   -0.0950
   -0.1000
   -0.0350
    0.0100
    0.0300
    0.0750
    0.2150
    0.1400
    0.0600
         0
   -0.0350
   -0.1100
   -0.1800
   -0.2150
   -0.1800
   -0.1900
   -0.2400
    0.0400
    0.7150
    1.2850
    0.8100
   -0.2000
   -0.7550
   -0.6750
   -0.3600
   -0.1800
   -0.1600
   -0.1600
   -0.1450
   -0.1350
   -0.1150
   -0.1200
   -0.1000
   -0.0700
   -0.0550
   -0.0500
         0
    0.0200
    0.0500
    0.0900
    0.1050
    0.1550
    0.1550
    0.1950
    0.2250
    0.2200
    0.2400
    0.2150
    0.2250
    0.1750
    0.1450
    0.1050
    0.0650
    0.0300
   -0.0150
   -0.0100
   -0.0150
   -0.0350
   -0.0050
   -0.0100
   -0.0250
   -0.0450
   -0.0200
   -0.0350
   -0.0500
   -0.0400
   -0.0550
   -0.0600
   -0.0750
   -0.0700
   -0.0850
   -0.0800
   -0.0900
   -0.0950
   -0.0900
   -0.1000
   -0.0850
   -0.0950
   -0.0900
   -0.1050
   -0.1050
   -0.1100
   -0.1200
   -0.0950
   -0.0550
    0.0050
    0.0200
    0.0550
    0.1700
    0.1450
    0.0450
   -0.0250
   -0.0400
   -0.1250
   -0.1950
   -0.2000
   -0.2100
   -0.2000
   -0.2500
    0.0250
    0.7200
    1.3650
    0.9650
   -0.2400
   -0.7650
   -0.6250
   -0.3400
   -0.1650
   -0.1600
   -0.1550
   -0.1450
   -0.1250
   -0.1300
   -0.1200
   -0.0850
   -0.0750
   -0.0550
   -0.0200
         0
    0.0250
    0.0550
    0.0850
    0.1350
    0.1650
    0.2000
    0.2100
    0.2450
    0.2500
    0.2500
    0.2650
    0.2400
    0.1850
    0.1450
    0.0900
    0.0350
    0.0050
   -0.0100
   -0.0200
   -0.0250
   -0.0400
   -0.0450
   -0.0400
   -0.0350
   -0.0300
   -0.0250
   -0.0450
   -0.0450
   -0.0550
   -0.0550
   -0.0700
   -0.0700
   -0.0800
   -0.0700
   -0.0900
   -0.1000
   -0.1000
   -0.0950
   -0.1100
   -0.1000
   -0.1050
   -0.0950
   -0.1100
   -0.1150
   -0.1200
   -0.1050
   -0.1200
   -0.0900
   -0.0600
         0
    0.0100
    0.0400
    0.1600
    0.1100
    0.0200
   -0.0050
   -0.0500
   -0.1000
   -0.2050
   -0.2050
   -0.2150
   -0.1950
   -0.2450
   -0.0900
    0.4700
    1.3300
    1.5150
   -0.1250
   -0.8100
   -0.5750
   -0.3250
   -0.1500
   -0.1700
   -0.1450
   -0.1500
   -0.1300
   -0.1350
   -0.1150
   -0.1050
   -0.0750
   -0.0550
   -0.0250
   -0.0150
    0.0200
    0.0400
    0.0750
    0.1050
    0.1550
    0.1800
    0.2150
    0.2350
    0.2500
    0.2500
    0.2550
    0.2200
    0.2050
    0.1600
    0.1100
    0.0750
    0.0200
   -0.0100
   -0.0200
   -0.0250
   -0.0250
   -0.0300
   -0.0300
   -0.0200
   -0.0250
   -0.0150
   -0.0050
   -0.0200
   -0.0300
   -0.0350
   -0.0200
   -0.0350
   -0.0400
   -0.0700
   -0.0650
   -0.0500
   -0.0600
   -0.0600
   -0.0600
   -0.0450
   -0.0750
   -0.0700
   -0.0700
   -0.0800
   -0.0850
   -0.0600
   -0.0900
   -0.0850
   -0.0900
   -0.0700
   -0.1000
   -0.0850
   -0.0750
   -0.0150
    0.0400
    0.0200
    0.1050
    0.1850
    0.1150
    0.0150
   -0.0400
   -0.0350
   -0.1600
   -0.1850
   -0.1900
   -0.1850
   -0.1950
   -0.2200
    0.1300
    0.9400
    1.5250
    0.4750
   -0.4650
   -0.7300
   -0.5300
   -0.2400
   -0.1600
   -0.1650
   -0.1400
   -0.1400
   -0.1400
   -0.1000
   -0.1100
   -0.0800
   -0.0650
   -0.0200
   -0.0200
    0.0050
    0.0300
    0.0600
    0.0800
    0.1250
    0.1600
    0.2050
    0.2200
    0.2250
    0.2300
    0.2600
    0.2500
    0.2450
    0.2000
    0.1650
    0.1150
    0.0850
    0.0450
    0.0100
    0.0150
   -0.0050
         0
   -0.0150
   -0.0150
    0.0100
   -0.0150
   -0.0050
         0
   -0.0250
   -0.0100
   -0.0400
   -0.0350
   -0.0450
   -0.0500
   -0.0500
   -0.0550
   -0.0750
   -0.0600
   -0.0700
   -0.0700
   -0.0800
   -0.0950
   -0.0800
   -0.0700
   -0.0850
   -0.1100
   -0.0850
   -0.0950
   -0.1000
   -0.0900
   -0.0950
   -0.1150
   -0.1000
   -0.0850
   -0.0500
    0.0200
    0.0300
    0.0650
    0.1900
    0.1300
    0.0550
   -0.0100
   -0.0200
   -0.1300
   -0.1850
   -0.2000
   -0.1900
   -0.1800
   -0.2300
    0.0550
    0.7500
    1.3750
    0.8800
   -0.2450
   -0.7650
   -0.6100
   -0.3350
   -0.1800
   -0.1550
   -0.1500
   -0.1450
   -0.1300
   -0.1100
   -0.1050
   -0.0850
   -0.0700
   -0.0500
   -0.0300
         0
    0.0200
    0.0500
    0.0750
    0.1250
    0.1500
    0.1750
    0.2050
    0.2150
    0.2300
    0.2500
    0.2250
    0.2150
    0.2100
    0.1450
    0.1050
    0.0500
    0.0300
    0.0200
         0
   -0.0100
         0
   -0.0050
   -0.0200
   -0.0100
   -0.0050
   -0.0050
   -0.0200
   -0.0100
         0
   -0.0200
   -0.0250
   -0.0400
   -0.0500
   -0.0450
   -0.0450
   -0.0550
   -0.0600
   -0.0650
   -0.0700
   -0.0650
   -0.0800
   -0.0650
   -0.0850
   -0.0800
   -0.0900
   -0.0750
   -0.1050
   -0.0900
   -0.0950
   -0.0950
   -0.1050
   -0.0850
   -0.0750
   -0.0050
    0.0300
    0.0250
    0.1200
    0.1550
    0.1000
    0.0250
   -0.0400
   -0.0500
   -0.1600
   -0.1850
   -0.2000
   -0.1700
   -0.2150
   -0.2300
    0.1600
    1.0500
    1.6650
    0.3450
   -0.5600
   -0.6800
   -0.4550
   -0.1900
   -0.1750
   -0.1400
   -0.1500
   -0.1200
   -0.1350
   -0.1050
   -0.1050
   -0.0700
   -0.0550
   -0.0200
   -0.0200
    0.0050
    0.0300
    0.0700
    0.1000
    0.1450
    0.1800
    0.2150
    0.2400
    0.2600
    0.2550
    0.2700
    0.2550
    0.2350
    0.2000
    0.1550
    0.1050
    0.0650
    0.0300
    0.0100
   -0.0050
   -0.0150
   -0.0200
   -0.0050
   -0.0100
         0
         0
   -0.0050
   -0.0050
         0
   -0.0150
   -0.0250
   -0.0150
   -0.0250
   -0.0400
   -0.0400
   -0.0550
   -0.0600
   -0.0600
   -0.0650
   -0.0650
   -0.0750
   -0.0750
   -0.0800
   -0.0700
   -0.0650
   -0.0650
   -0.0600
   -0.0800
   -0.0800
   -0.0900
   -0.0800
   -0.0800
   -0.0700
   -0.0900
   -0.0800
   -0.1050
   -0.0850
   -0.0650
   -0.0150
    0.0350
    0.0500
    0.1150
    0.1850
    0.1050
    0.0300
   -0.0350
   -0.0250
   -0.1400
   -0.1900
   -0.2000
   -0.1650
   -0.1900
   -0.2200
    0.1400
    0.9900
    1.6000
    0.4400
   -0.5000
   -0.6800
   -0.4500
   -0.1900
   -0.1650
   -0.1450
   -0.1500
   -0.1200
   -0.1450
   -0.1000
   -0.0950
   -0.0900
   -0.0700
   -0.0400
   -0.0250
    0.0200
    0.0100
    0.0550
    0.0800
    0.1350
    0.1650
    0.1950
    0.2150
    0.2400
    0.2600
    0.2600
    0.2550
    0.2350
    0.2050
    0.1650
    0.1050
    0.0700
    0.0350
    0.0050
   -0.0150
   -0.0200
         0
   -0.0200
   -0.0150
   -0.0200
   -0.0100
         0
   -0.0350
   -0.0200
   -0.0100
   -0.0200
   -0.0400
   -0.0350
   -0.0400
   -0.0750
   -0.0550
   -0.0550
   -0.0750
   -0.0550
   -0.0700
   -0.0800
   -0.0800
   -0.0900
   -0.0950
   -0.0750
   -0.0850
   -0.0950
   -0.0850
   -0.0850
   -0.0850
   -0.0900
   -0.0850
   -0.0850
   -0.0900
   -0.0950
   -0.0700
   -0.0400
    0.0100
    0.0100
    0.0650
    0.1900
    0.1350
    0.0700
   -0.0100
   -0.0300
   -0.1200
   -0.1800
   -0.2000
   -0.1900
   -0.1850
   -0.2350
    0.0300
    0.6800
    1.3250
    0.9400
   -0.2150
   -0.7550
   -0.6100
   -0.3300
   -0.1650
   -0.1550
   -0.1600
   -0.1400
   -0.1250
   -0.1050
   -0.1050
   -0.0900
   -0.0700
   -0.0600
   -0.0300
    0.0050
    0.0350
    0.0600
    0.0750
    0.1200
    0.1500
    0.1950
    0.2100
    0.2300
    0.2450
    0.2500
    0.2450
    0.2450
    0.2000
    0.1500
    0.1100
    0.0700
    0.0300
    0.0050
   -0.0150
   -0.0250
   -0.0250
   -0.0100
   -0.0250
   -0.0250
   -0.0200
   -0.0200
   -0.0150
   -0.0250
   -0.0250
   -0.0500
   -0.0400
   -0.0500
   -0.0650
   -0.0550
   -0.0750
   -0.0700
   -0.0750
   -0.0850
   -0.0850
   -0.0850
   -0.0850
   -0.0800
   -0.1050
   -0.0850
   -0.1100
   -0.0900
   -0.1100
   -0.1050
   -0.1000
   -0.0900
   -0.1000
   -0.0900
   -0.1050
   -0.0900
   -0.0600
    0.0050
    0.0200
    0.0500
    0.1700
    0.1450
    0.0600
    0.0100
   -0.0450
   -0.0950
   -0.2000
   -0.1800
   -0.2150
   -0.1800
   -0.2350
   -0.0750
    0.4800
    1.2600
    1.4350
   -0.0500
   -0.7750
   -0.6500
   -0.3800
   -0.1650
   -0.1750
   -0.1350
   -0.1550
   -0.1350
   -0.1350
   -0.1150
   -0.1050
   -0.0750
   -0.0550
   -0.0300
   -0.0100
    0.0150
    0.0450
    0.0750
    0.1000
    0.1550
    0.1850
    0.2250
    0.2500
    0.2550
    0.2550
    0.2700
    0.2400
    0.2150
    0.1700
    0.1200
    0.0750
    0.0450
    0.0100
   -0.0050
   -0.0100
   -0.0100
   -0.0250
   -0.0200
   -0.0200
   -0.0150
   -0.0050
   -0.0150
   -0.0100
   -0.0250
   -0.0150
   -0.0150
   -0.0400
   -0.0550
   -0.0600
   -0.0550
   -0.0600
   -0.0750
   -0.0800
   -0.0800
   -0.0650
   -0.0650
   -0.0800
   -0.0750
   -0.0900
   -0.0850
   -0.0750
   -0.0700
   -0.0850
   -0.0750
   -0.0950
   -0.0950
   -0.0850
   -0.0850
   -0.1050
   -0.0900
   -0.1050
   -0.0950
   -0.0950
   -0.0200
    0.0250
    0.0100
    0.0650
    0.1600
    0.1100
    0.0250
   -0.0250
   -0.0300
   -0.1550
   -0.1900
   -0.1950
   -0.2000
   -0.1950
   -0.2500
    0.0700
    0.8800
    1.5000
    0.7000
   -0.3800
   -0.7500
   -0.5300
   -0.2700
   -0.1650
   -0.1550
   -0.1500
   -0.1350
   -0.1150
   -0.1100
   -0.1000
   -0.0850
   -0.0800
   -0.0500
   -0.0250
    0.0150
    0.0150
    0.0450
    0.0800
    0.1350
    0.1600
    0.2000
    0.2050
    0.2400
    0.2550
    0.2600
    0.2400
    0.2300
    0.1950
    0.1650
    0.1200
    0.0700
    0.0300
    0.0150
         0
   -0.0100
   -0.0050
   -0.0250
   -0.0100
   -0.0050
    0.0100
   -0.0100
   -0.0150
    0.0050
   -0.0100
   -0.0250
   -0.0400
   -0.0300
   -0.0450
   -0.0550
   -0.0550
   -0.0600
   -0.0650
   -0.0500
   -0.0750
   -0.0800
   -0.0950
   -0.0800
   -0.0850
   -0.0750
   -0.0950
   -0.0800
   -0.0950
   -0.1050
   -0.1050
   -0.0950
   -0.1100
   -0.0900
   -0.1250
   -0.0850
   -0.0850
   -0.0250
    0.0250
    0.0300
    0.1150
    0.1650
    0.0850
    0.0200
   -0.0350
   -0.0550
   -0.1850
   -0.1700
   -0.2200
   -0.1900
   -0.2200
   -0.1500
    0.2800
    1.1350
    1.6450
    0.1500
   -0.6700
   -0.7300
   -0.4750
   -0.2050
   -0.1800
   -0.1500
   -0.1650
   -0.1300
   -0.1150
   -0.0900
   -0.1000
   -0.0600
   -0.0600
   -0.0150
   -0.0150
    0.0350
    0.0500
    0.0900
    0.1150
    0.1550
    0.2050
    0.2350
    0.2450
    0.2750
    0.2750
    0.2750
    0.2600
    0.2550
    0.2000
    0.1700
    0.1100
    0.0750
    0.0300
    0.0200
         0
   -0.0050
         0
   -0.0100
         0
         0
   -0.0050
         0
   -0.0050
         0
   -0.0200
   -0.0400
   -0.0250
   -0.0300
   -0.0550
   -0.0500
   -0.0500
   -0.0550
   -0.0600
   -0.0550
   -0.0850
   -0.0750
   -0.0800
   -0.0650
   -0.0900
   -0.0950
   -0.0950
   -0.0850
   -0.1000
   -0.0850
   -0.1000
   -0.0850
   -0.1150
   -0.1000
   -0.1150
   -0.1000
   -0.0850
   -0.0050
    0.0200
    0.0250
    0.1300
    0.1500
    0.0800
    0.0250
   -0.0400
   -0.0650
   -0.1900
   -0.1900
   -0.2150
   -0.1850
   -0.2350
   -0.1700
    0.2750
    1.1850
    1.7450
    0.1650
   -0.7000
   -0.6750
   -0.4450
   -0.1800
   -0.1700
   -0.1650
   -0.1700
   -0.1350
   -0.1400
   -0.1050
   -0.0950
   -0.0800
   -0.0800
   -0.0350
   -0.0250
    0.0250
    0.0250
    0.0650
    0.1150
    0.1550
    0.1700
    0.2350
    0.2450
    0.2700
    0.2700
    0.2800
    0.2750
    0.2450
    0.2000
    0.1600
    0.1050
    0.0650
    0.0450
         0
   -0.0050
   -0.0150
   -0.0150
         0
   -0.0150
   -0.0150
   -0.0150
   -0.0200
   -0.0150
   -0.0100
   -0.0150
   -0.0300
   -0.0250
   -0.0300
   -0.0450
   -0.0550
   -0.0550
   -0.0650
   -0.0700
   -0.0700
   -0.0750
   -0.0750
   -0.0650
   -0.0850
   -0.0700
   -0.0850
   -0.0800
   -0.1050
   -0.1000
   -0.0950
   -0.0750
   -0.1000
   -0.0950
   -0.0950
   -0.0850
   -0.1050
   -0.0950
   -0.0650
   -0.0150
    0.0200
    0.0250
    0.1350
    0.1450
    0.0850
    0.0250
   -0.0400
   -0.0600
   -0.1900
   -0.1900
   -0.2100
   -0.1650
   -0.2150
   -0.1650
    0.2650
    1.1700
    1.7300
    0.1550
   -0.6950
   -0.6700
   -0.4250
   -0.1750
   -0.1750
   -0.1550
   -0.1400
   -0.1250
   -0.1350
   -0.1000
   -0.1050
   -0.0750
   -0.0600
   -0.0150
   -0.0150
    0.0150
    0.0550
    0.0700
    0.1000
    0.1700
    0.2050
    0.2350
    0.2450
    0.2800
    0.2800
    0.2950
    0.2700
    0.2550
    0.2100
    0.1400
    0.0900
    0.0650
    0.0300
         0
   -0.0100
   -0.0100
         0
   -0.0150
   -0.0050
   -0.0250
   -0.0200
         0
   -0.0100
         0
   -0.0250
   -0.0500
   -0.0350
   -0.0350
   -0.0450
   -0.0550
   -0.0600
   -0.0700
   -0.0600
   -0.0750
   -0.0650
   -0.0750
   -0.0800
   -0.0750
   -0.0700
   -0.0800
   -0.0800
   -0.0850
   -0.0850
   -0.1000
   -0.0750
   -0.0900
   -0.0800
   -0.1100
   -0.0800
   -0.0850
   -0.1000
   -0.0850
   -0.0200
    0.0350
    0.0600
    0.0950
    0.1800
    0.1100
    0.0500
   -0.0100
   -0.0500
   -0.1700
   -0.1600
   -0.1900
   -0.1800
   -0.2000
   -0.2250
    0.1700
    1.0150
    1.6100
    0.3950
   -0.5050
   -0.7350
   -0.5200
   -0.2450
   -0.1800
   -0.1550
   -0.1700
   -0.1250
   -0.1450
   -0.1050
   -0.1050
   -0.0800
   -0.0750
   -0.0450
   -0.0350
         0
    0.0200
    0.0600
    0.0700
    0.1300
    0.1600
    0.2050
    0.2400
    0.2550
    0.2350
    0.2500
    0.2550
    0.2450
    0.2150
    0.1550
    0.1150
    0.0600
    0.0350
    0.0100
   -0.0200
         0
   -0.0250
   -0.0100
   -0.0050
   -0.0150
         0
   -0.0050
         0
   -0.0200
   -0.0300
   -0.0300
   -0.0350
   -0.0450
   -0.0600
   -0.0600
   -0.0600
   -0.0600
   -0.0800
   -0.0700
   -0.0800
   -0.0850
   -0.0650
   -0.1000
   -0.1150
   -0.0900
   -0.0950
   -0.0950
   -0.0900
   -0.1050
   -0.0900
   -0.0950
   -0.1000
   -0.1100
   -0.0900
   -0.0300
         0
    0.0350
    0.0500
    0.1850
    0.1500
    0.0450
   -0.0200
   -0.0250
   -0.1150
   -0.1950
   -0.1900
   -0.1950
   -0.1900
   -0.2550
    0.0450
    0.7950
    1.4600
    0.9200
   -0.2600
   -0.7750
   -0.6050
   -0.3100
   -0.1700
   -0.1600
   -0.1550
   -0.1400
   -0.1350
   -0.1100
   -0.1200
   -0.0800
   -0.0750
   -0.0450
   -0.0250
         0
    0.0250
    0.0600
    0.0900
    0.1250
    0.1650
    0.2100
    0.2300
    0.2450
    0.2750
    0.2700
    0.2550
    0.2350
    0.2100
    0.1450
    0.1100
    0.0650
    0.0200
         0
   -0.0050
   -0.0300
   -0.0450
   -0.0350
   -0.0250
   -0.0150
   -0.0300
   -0.0200
   -0.0250
   -0.0250
   -0.0300
   -0.0400
   -0.0450
   -0.0500
   -0.0550
   -0.0600
   -0.0600
   -0.0600
   -0.0900
   -0.0950
   -0.0750
   -0.0900
   -0.0900
   -0.0900
   -0.0900
   -0.0850
   -0.0950
   -0.1100
   -0.0950
   -0.1150
   -0.1050
   -0.1050
   -0.1000
   -0.0950
   -0.0950
   -0.0400
    0.0100
    0.0100
    0.0650
    0.1700
    0.1100
    0.0200
   -0.0300
   -0.0500
   -0.1500
   -0.2150
   -0.2100
   -0.2100
   -0.2050
   -0.2600
    0.0150
    0.7500
    1.4750
    1.0400
   -0.2600
   -0.7700
   -0.5350
   -0.2600
   -0.1750
   -0.1750
   -0.1500
   -0.1450
   -0.1400
   -0.1350
   -0.1100
   -0.0900
   -0.0650
   -0.0450
   -0.0300
         0
    0.0150
    0.0500
    0.0900
    0.1200
    0.1650
    0.2000
    0.2200
    0.2500
    0.2700
    0.2650
    0.2700
    0.2550
    0.2250
    0.1800
    0.1300
    0.0750
    0.0450
    0.0200
         0
         0
   -0.0050
   -0.0200
         0
         0
         0
   -0.0050
         0
   -0.0150
   -0.0100
   -0.0100
   -0.0300
   -0.0350
   -0.0450
   -0.0450
   -0.0450
   -0.0550
   -0.0650
   -0.0700
   -0.0850
   -0.0750
   -0.0800
   -0.0800
   -0.0850
   -0.0950
   -0.0800
   -0.0850
   -0.0900
   -0.1100
   -0.0700
   -0.0900
   -0.0950
   -0.1000
   -0.0950
   -0.1050
   -0.0700
   -0.0900
   -0.0850
   -0.0650
   -0.0300
    0.0500
    0.0250
    0.1050
    0.1750
    0.1100
    0.0250
   -0.0400
   -0.0350
   -0.1600
   -0.1750
   -0.1850
   -0.1700
   -0.1950
   -0.2300
    0.1300
    0.9950
    1.6200
    0.4700
   -0.4850
   -0.7150
   -0.4950
   -0.2100
   -0.1750
   -0.1500
   -0.1450
   -0.1250
   -0.1250
   -0.1150
   -0.1100
   -0.0800
   -0.0700
   -0.0250
   -0.0300
    0.0150
    0.0150
    0.0650
    0.0900
    0.1300
    0.1750
    0.2050
    0.2250
    0.2500
    0.2600
    0.2700
    0.2750
    0.2500
    0.2150
    0.1600
    0.1050
    0.0800
    0.0350
    0.0050
         0
   -0.0100
   -0.0050
   -0.0100
   -0.0100
   -0.0150
   -0.0050
    0.0050
   -0.0050
   -0.0050
         0
   -0.0150
   -0.0300
   -0.0250
   -0.0400
   -0.0250
   -0.0600
   -0.0500
   -0.0600
   -0.0500
   -0.0650
   -0.0700
   -0.0800
   -0.0750
   -0.0950
   -0.0750
   -0.0800
   -0.0750
   -0.1000
   -0.0750
   -0.0850
   -0.0850
   -0.1150
   -0.0800
   -0.0900
   -0.1100
   -0.0500
         0
    0.0100
    0.0400
    0.1350
    0.1400
    0.0750
   -0.0050
   -0.0300
   -0.0750
   -0.1750
   -0.1850
   -0.2150
   -0.1800
   -0.2350
   -0.1350
    0.3250
    1.1800
    1.5950
    0.0500
   -0.7300
   -0.7050
   -0.4500
   -0.1850
   -0.2100
   -0.1550
   -0.1450
   -0.1250
   -0.1550
   -0.1050
   -0.1050
   -0.0800
   -0.0700
   -0.0100
   -0.0300
    0.0150
    0.0400
    0.0700
    0.0900
