   -0.0950
   -0.0750
   -0.0400
    0.0250
    0.0400
   -0.0250
   -0.0550
   -0.0800
   -0.1200
   -0.1900
   -0.2300
   -0.2400
   -0.2250
   -0.2500
   -0.2300
   -0.2400
   -0.2300
   -0.2200
   -0.1700
    0.3650
    1.8350
    2.1650
    0.1500
   -1.4650
   -1.9900
   -1.7350
   -0.8250
   -0.4500
   -0.2750
   -0.2000
   -0.1550
   -0.1300
   -0.1150
   -0.1000
   -0.1000
   -0.0800
   -0.0500
   -0.0550
   -0.0400
   -0.0400
   -0.0500
   -0.0350
   -0.0100
    0.0200
    0.0300
    0.0600
    0.1250
    0.1500
    0.1600
    0.1600
    0.2050
    0.2300
    0.2000
    0.1600
    0.1100
    0.0400
    0.0100
   -0.0400
   -0.0800
   -0.1100
   -0.1200
   -0.1600
   -0.1950
   -0.2200
   -0.2350
   -0.2400
   -0.2350
   -0.2400
   -0.2300
   -0.2300
   -0.2000
   -0.1950
   -0.1750
   -0.1700
   -0.1600
   -0.1500
   -0.1200
   -0.1200
   -0.1200
   -0.1050
   -0.1000
   -0.1100
   -0.1050
   -0.1000
   -0.1050
   -0.1050
   -0.1100
   -0.1150
   -0.1050
   -0.1000
   -0.1150
   -0.1200
   -0.1200
   -0.1050
   -0.0850
   -0.0600
   -0.0500
   -0.0200
    0.0300
    0.0800
    0.1100
    0.0700
    0.0250
   -0.0050
   -0.0350
   -0.1000
   -0.1200
   -0.1350
   -0.1550
   -0.1700
   -0.1600
   -0.1500
   -0.1500
   -0.1500
   -0.1300
    0.1200
    1.2800
    2.5000
    1.3550
   -0.6700
   -1.5700
   -1.7600
   -1.0750
   -0.4200
   -0.2500
   -0.1300
   -0.0800
   -0.0550
   -0.0400
   -0.0100
    0.0050
    0.0150
    0.0100
    0.0250
    0.0400
    0.0400
    0.0450
    0.0550
    0.0800
    0.0900
    0.1100
    0.1300
    0.1500
    0.1900
    0.2100
    0.2400
    0.2500
    0.2700
    0.2600
    0.2400
    0.2050
    0.1600
    0.1200
    0.0650
    0.0300
   -0.0150
   -0.0500
   -0.0700
   -0.1050
   -0.1250
   -0.1450
   -0.1500
   -0.1600
   -0.1600
   -0.1600
   -0.1600
   -0.1450
   -0.1400
   -0.1350
   -0.1200
   -0.0900
   -0.0650
   -0.0600
   -0.0550
   -0.0400
   -0.0350
   -0.0400
   -0.0350
   -0.0300
   -0.0300
   -0.0200
   -0.0200
   -0.0300
   -0.0250
   -0.0200
   -0.0150
   -0.0250
   -0.0250
   -0.0200
   -0.0150
   -0.0250
   -0.0100
   -0.0200
   -0.0200
   -0.0250
   -0.0100
         0
    0.0400
    0.0500
    0.0900
    0.1350
    0.1700
    0.1800
    0.1600
    0.1050
    0.0550
    0.0300
   -0.0250
   -0.0600
   -0.0600
   -0.0850
   -0.0850
   -0.0950
   -0.0800
   -0.0800
   -0.0800
   -0.0400
    0.3600
    1.7100
    2.6300
    1.1200
   -0.6500
   -1.4250
   -1.4400
   -0.7500
   -0.3150
   -0.1800
   -0.0800
   -0.0600
   -0.0300
   -0.0050
    0.0200
    0.0200
    0.0300
    0.0300
    0.0450
    0.0500
    0.0650
    0.0650
    0.0800
    0.0850
    0.0950
    0.1100
    0.1300
    0.1450
    0.1850
    0.2150
    0.2400
    0.2650
    0.2700
    0.2700
    0.2450
    0.2100
    0.1800
    0.1300
    0.0800
    0.0300
    0.0050
   -0.0300
   -0.0400
   -0.0750
   -0.0900
   -0.1050
   -0.1100
   -0.1200
   -0.1200
   -0.1200
   -0.1200
   -0.1150
   -0.1200
   -0.1300
   -0.1000
   -0.0900
   -0.0700
   -0.0650
   -0.0500
   -0.0350
   -0.0300
   -0.0450
   -0.0500
   -0.0400
   -0.0200
   -0.0200
   -0.0300
   -0.0600
   -0.0600
   -0.0500
   -0.0500
   -0.0600
   -0.0400
   -0.0400
   -0.0400
   -0.0400
   -0.0550
   -0.0500
   -0.0650
   -0.0700
   -0.0650
   -0.0650
   -0.0650
   -0.0500
   -0.0050
   -0.0100
    0.0300
    0.0500
    0.1100
    0.1400
    0.1250
    0.0800
    0.0400
    0.0100
   -0.0500
   -0.0800
   -0.1000
   -0.1150
   -0.1300
   -0.1700
   -0.1500
   -0.1300
   -0.1400
   -0.1350
   -0.0100
    0.7850
    2.2300
    1.9600
   -0.0850
   -1.3850
   -1.8200
   -1.4150
   -0.5950
   -0.3300
   -0.1700
   -0.1100
   -0.0800
   -0.0600
   -0.0600
   -0.0650
   -0.0400
   -0.0600
   -0.0700
   -0.0550
   -0.0200
   -0.0300
   -0.0150
   -0.0150
    0.0150
    0.0400
    0.0500
    0.0750
    0.1200
    0.1600
    0.2100
    0.2150
    0.2200
    0.2400
    0.2400
    0.2000
    0.1450
    0.0850
    0.0550
   -0.0050
   -0.0400
   -0.0600
   -0.0800
   -0.1050
   -0.1200
   -0.1550
   -0.1600
   -0.1600
   -0.1800
   -0.2000
   -0.2000
   -0.2100
   -0.1700
   -0.1600
   -0.1750
   -0.1600
   -0.1300
   -0.1350
   -0.1050
   -0.0950
   -0.0950
   -0.0900
   -0.0800
   -0.1050
   -0.1050
   -0.1000
   -0.0800
   -0.0800
   -0.0800
   -0.0800
   -0.1000
   -0.1200
   -0.0950
   -0.0950
   -0.0900
   -0.0900
   -0.0700
   -0.0800
   -0.0650
   -0.0500
   -0.0500
   -0.0150
    0.0550
    0.1200
    0.1200
    0.0800
    0.0400
   -0.0350
   -0.0500
   -0.1050
   -0.1200
   -0.1600
   -0.1850
   -0.1800
   -0.1700
   -0.1800
   -0.1700
   -0.1750
   -0.1550
    0.0700
    1.1400
    2.3400
    1.2150
   -0.8900
   -1.7800
   -1.9200
   -1.1800
   -0.4800
   -0.2800
   -0.1800
   -0.1300
   -0.0750
   -0.0200
   -0.0500
   -0.0550
   -0.0350
    0.0050
   -0.0100
   -0.0050
    0.0300
    0.0450
    0.0400
    0.0550
    0.0600
    0.1200
    0.1350
    0.1500
    0.1750
    0.2400
    0.2500
    0.2850
    0.3000
    0.2600
    0.2600
    0.2550
    0.1700
    0.1350
    0.0800
    0.0300
   -0.0050
   -0.0500
   -0.0950
   -0.1000
   -0.1150
   -0.1200
   -0.1500
   -0.1700
   -0.1800
   -0.1800
   -0.1750
   -0.1700
   -0.1800
   -0.1450
   -0.1300
   -0.1050
   -0.1000
   -0.0750
   -0.0850
   -0.0800
   -0.0700
   -0.0650
   -0.0800
   -0.0500
   -0.0800
   -0.0900
   -0.0800
   -0.0800
   -0.1100
   -0.0900
   -0.0900
   -0.0800
   -0.0800
   -0.0900
   -0.1200
   -0.0800
   -0.0400
   -0.0400
   -0.0400
    0.0300
    0.0600
    0.1100
    0.1200
    0.0650
    0.0400
    0.0100
   -0.0700
   -0.1000
   -0.1400
   -0.1600
   -0.1600
   -0.1600
   -0.1600
   -0.1500
   -0.1400
   -0.1450
   -0.1100
    0.4200
    1.9300
    2.4000
    0.3400
   -1.4050
   -1.9750
   -1.7350
   -0.8200
   -0.3800
   -0.2400
   -0.1300
   -0.0800
   -0.0750
   -0.0800
   -0.0400
   -0.0550
   -0.0500
   -0.0350
   -0.0200
         0
   -0.0050
   -0.0100
    0.0200
    0.0400
    0.0900
    0.0800
    0.1200
    0.1650
    0.2100
    0.2200
    0.2400
    0.2500
    0.2700
    0.2500
    0.2400
    0.1650
    0.1250
    0.0800
    0.0200
   -0.0350
   -0.0800
   -0.1100
   -0.1100
   -0.1400
   -0.1700
   -0.1700
   -0.1850
   -0.2100
   -0.2200
   -0.2300
   -0.2150
   -0.2000
   -0.1800
   -0.1700
   -0.1450
   -0.1400
   -0.1100
   -0.1100
   -0.1150
   -0.1200
   -0.1000
   -0.0800
   -0.1000
   -0.1100
   -0.1050
   -0.1200
   -0.0900
   -0.1000
   -0.1100
   -0.1100
   -0.1000
   -0.1150
   -0.1100
   -0.0800
   -0.0600
   -0.0400
   -0.0050
    0.0700
    0.1200
    0.0750
    0.0350
   -0.0100
   -0.0400
   -0.1200
   -0.1550
   -0.1850
   -0.2100
   -0.2200
   -0.2000
   -0.2000
   -0.1900
   -0.1900
   -0.1700
    0.0050
    1.0300
    2.4750
    1.6050
   -0.7200
   -1.8300
   -2.0100
   -1.3350
   -0.5550
   -0.3100
   -0.1850
   -0.1300
   -0.1100
   -0.0900
   -0.0700
   -0.0650
   -0.0650
   -0.0400
   -0.0300
   -0.0200
   -0.0250
   -0.0100
    0.0200
    0.0500
    0.0500
    0.0850
    0.1100
    0.1450
    0.1800
    0.2100
    0.2250
    0.2650
    0.2800
    0.2800
    0.2400
    0.2150
    0.1700
    0.1200
    0.0450
    0.0100
   -0.0300
   -0.0600
   -0.0900
   -0.1050
   -0.1400
   -0.1500
   -0.1700
   -0.1800
   -0.2000
   -0.2000
   -0.1950
   -0.1800
   -0.1850
   -0.1600
   -0.1600
   -0.1300
   -0.1200
   -0.1100
   -0.1100
   -0.0800
   -0.0950
   -0.0800
   -0.0800
   -0.0750
   -0.0900
   -0.0700
   -0.0750
   -0.0800
   -0.0800
   -0.0800
   -0.0950
   -0.1000
   -0.0950
   -0.0800
   -0.0800
   -0.0600
   -0.0400
    0.0100
    0.0400
    0.0900
    0.1300
    0.1300
    0.1000
    0.0600
    0.0050
   -0.0300
   -0.0900
   -0.1050
   -0.1450
   -0.1400
   -0.1550
   -0.1600
   -0.1500
   -0.1300
   -0.1300
   -0.0650
    0.5300
    2.0900
    2.5200
    0.6500
   -0.9700
   -1.5300
   -1.3900
   -0.6600
   -0.3500
   -0.2000
   -0.1200
   -0.0700
   -0.0600
   -0.0300
   -0.0200
   -0.0200
   -0.0050
   -0.0050
   -0.0100
    0.0050
    0.0100
    0.0300
    0.0400
    0.0650
    0.0600
    0.0900
    0.1000
    0.1350
    0.1700
    0.2250
    0.2600
    0.2950
    0.3000
    0.3050
    0.2800
    0.2500
    0.1850
    0.1450
    0.0800
    0.0300
   -0.0200
   -0.0500
   -0.0800
   -0.1000
   -0.1100
   -0.1100
   -0.1300
   -0.1300
   -0.1300
   -0.1500
   -0.1750
   -0.1600
   -0.1750
   -0.1900
   -0.1800
   -0.1600
   -0.1700
   -0.1600
   -0.1450
   -0.1150
   -0.1100
   -0.0800
   -0.0800
   -0.0800
   -0.0900
   -0.0800
   -0.0750
   -0.0900
   -0.0800
   -0.0700
   -0.0750
   -0.0750
   -0.0750
   -0.0750
   -0.0900
   -0.0800
   -0.0900
   -0.0900
   -0.0950
   -0.0500
   -0.0550
   -0.0100
    0.0300
    0.0750
    0.0900
    0.0900
    0.0300
   -0.0300
   -0.0600
   -0.1000
   -0.1550
   -0.1800
   -0.1850
   -0.2000
   -0.2000
   -0.2050
   -0.2100
   -0.1800
   -0.1600
    0.0600
    1.1000
    2.4000
    1.4400
   -0.6500
   -1.7200
   -1.9150
   -1.2400
   -0.5550
   -0.3600
   -0.2350
   -0.2150
   -0.1750
   -0.1400
   -0.1200
   -0.1000
   -0.0900
   -0.1100
   -0.0900
   -0.0800
   -0.0800
   -0.0950
   -0.0350
   -0.0050
   -0.0100
    0.0150
    0.0650
    0.0700
    0.1050
    0.1700
    0.2200
    0.2400
    0.2650
    0.2700
    0.2800
    0.2250
    0.1750
    0.1100
    0.0550
         0
   -0.0600
   -0.1150
   -0.1350
   -0.1600
   -0.1750
   -0.1850
   -0.2050
   -0.2100
   -0.2100
   -0.2550
   -0.2750
   -0.2600
   -0.2550
   -0.2750
   -0.2600
   -0.2650
   -0.2800
   -0.2400
   -0.2350
   -0.2350
   -0.2000
   -0.2000
   -0.1950
   -0.1900
   -0.1900
   -0.1800
   -0.1700
   -0.1700
   -0.1800
   -0.1900
   -0.2000
   -0.1700
   -0.1450
   -0.1800
   -0.1500
   -0.1450
   -0.1500
   -0.0850
   -0.0300
   -0.0050
    0.0650
    0.0500
   -0.0400
   -0.0950
   -0.0850
   -0.1350
   -0.1850
   -0.2200
   -0.2650
   -0.2500
   -0.2300
   -0.2400
   -0.2450
   -0.2300
   -0.2300
   -0.1450
    0.5600
    2.1050
    2.0500
   -0.1850
   -1.6800
   -2.1000
   -1.6800
   -0.7650
   -0.4200
   -0.2700
   -0.1800
   -0.1350
   -0.1300
   -0.1050
   -0.1000
   -0.1000
   -0.0550
   -0.0700
   -0.0400
   -0.0400
   -0.0350
   -0.0350
   -0.0250
    0.0100
    0.0400
    0.0500
    0.0800
    0.1200
    0.1600
    0.1900
    0.2500
    0.2700
    0.2700
    0.2600
    0.2300
    0.1900
    0.1250
    0.0550
   -0.0100
   -0.0550
   -0.0950
   -0.1500
   -0.1600
   -0.1950
   -0.2150
   -0.2150
   -0.2350
   -0.2700
   -0.2650
   -0.2400
   -0.2150
   -0.2300
   -0.2550
   -0.2350
   -0.2100
   -0.2000
   -0.1600
   -0.1600
   -0.1500
   -0.1500
   -0.1400
   -0.1350
   -0.1400
   -0.1050
   -0.1000
   -0.1400
   -0.1400
   -0.1300
   -0.1150
   -0.1000
   -0.1100
   -0.1100
   -0.1100
   -0.1050
   -0.0600
   -0.0400
   -0.0250
    0.0150
    0.0850
    0.1200
    0.1000
    0.0600
   -0.0100
   -0.0550
   -0.1350
   -0.1600
   -0.1500
   -0.1450
   -0.1850
   -0.1950
   -0.1900
   -0.1850
   -0.1900
   -0.1500
    0.0050
    0.9200
    2.4500
    1.8650
   -0.5150
   -1.7600
   -2.0200
   -1.4500
   -0.5900
   -0.3050
   -0.2150
   -0.1450
   -0.1000
   -0.0700
   -0.0600
   -0.0350
   -0.0350
   -0.0500
   -0.0300
   -0.0100
    0.0100
    0.0200
    0.0150
    0.0300
    0.0500
    0.0700
    0.0950
    0.1300
    0.1800
    0.2400
    0.2550
    0.2650
    0.2900
    0.3050
    0.2900
    0.2500
    0.1900
    0.1300
    0.0650
    0.0150
   -0.0300
   -0.0550
   -0.1000
   -0.1300
   -0.1550
   -0.1750
   -0.2200
   -0.2100
   -0.2000
   -0.2100
   -0.2150
   -0.2100
   -0.2100
   -0.1900
   -0.1750
   -0.1500
   -0.1600
   -0.1450
   -0.1400
   -0.1200
   -0.1100
   -0.0800
   -0.1050
   -0.1000
   -0.1000
   -0.0900
   -0.1100
   -0.1000
   -0.0900
   -0.0800
   -0.1000
   -0.0800
   -0.1050
   -0.0650
   -0.0400
   -0.0200
    0.0050
    0.0400
    0.1000
    0.1300
    0.0900
    0.0300
   -0.0050
   -0.0350
   -0.0950
   -0.1200
   -0.1300
   -0.1350
   -0.1500
   -0.1600
   -0.1550
   -0.1500
   -0.1500
   -0.1000
    0.2400
    1.5800
    2.7100
    1.2500
   -0.7450
   -1.5900
   -1.6700
   -0.9300
   -0.3900
   -0.2400
   -0.1200
   -0.0700
   -0.0550
   -0.0300
   -0.0300
   -0.0200
   -0.0100
    0.0100
    0.0050
    0.0250
    0.0450
    0.0550
    0.0600
    0.0850
    0.0950
    0.1350
    0.1600
    0.2000
    0.2300
    0.2800
    0.3200
    0.3600
    0.3500
    0.3600
    0.3450
    0.3200
    0.2800
    0.2100
    0.1400
    0.1000
    0.0500
    0.0150
   -0.0200
   -0.0300
   -0.0600
   -0.0750
   -0.0900
   -0.1000
   -0.1150
   -0.1050
   -0.1300
   -0.1350
   -0.1400
   -0.1350
   -0.1400
   -0.1300
   -0.1100
   -0.0950
   -0.0800
   -0.0600
   -0.0600
   -0.0350
   -0.0300
   -0.0300
   -0.0300
   -0.0300
   -0.0150
   -0.0200
   -0.0300
   -0.0300
   -0.0300
   -0.0300
   -0.0400
   -0.0400
   -0.0500
   -0.0350
   -0.0400
   -0.0400
   -0.0400
   -0.0400
   -0.0400
   -0.0100
    0.0100
    0.0450
    0.0800
    0.1100
    0.1450
    0.1450
    0.1100
    0.0800
    0.0350
   -0.0050
   -0.0400
   -0.0700
   -0.0900
   -0.0900
   -0.1000
   -0.0950
   -0.0900
   -0.0750
   -0.0750
    0.0100
    0.7050
    2.2800
    2.4850
    0.5750
   -0.9650
   -1.4200
   -1.1500
   -0.4950
   -0.2650
   -0.1300
   -0.0650
   -0.0350
   -0.0150
    0.0100
    0.0250
    0.0200
    0.0200
    0.0450
    0.0400
    0.0400
    0.0450
    0.0700
    0.0550
    0.0750
    0.0700
    0.1000
    0.1250
    0.1450
    0.1700
    0.2100
    0.2500
    0.2850
    0.2850
    0.2900
    0.2700
    0.2300
    0.1750
    0.1500
    0.0800
    0.0400
   -0.0100
   -0.0600
   -0.0800
   -0.0900
   -0.1100
   -0.1300
   -0.1350
   -0.1500
   -0.1900
   -0.2100
   -0.2400
   -0.2250
   -0.2450
   -0.2150
   -0.2100
   -0.2000
   -0.1850
   -0.1800
   -0.1800
   -0.1400
   -0.1200
   -0.1150
   -0.1200
   -0.1100
   -0.1100
   -0.0800
   -0.0800
   -0.0800
   -0.1000
   -0.0950
   -0.0850
   -0.0800
   -0.1000
   -0.1000
   -0.1000
   -0.1000
   -0.1200
   -0.0900
   -0.0950
   -0.1100
   -0.1050
   -0.0850
   -0.1000
   -0.0700
   -0.0400
   -0.0350
         0
    0.0700
    0.1000
    0.1300
    0.0850
    0.0150
   -0.0200
   -0.0100
   -0.0650
   -0.0800
   -0.1050
   -0.1200
   -0.1150
   -0.1450
   -0.1400
   -0.1200
   -0.1100
   -0.0750
    0.2100
    1.4100
    2.5200
    1.1900
   -0.9200
   -1.8200
   -1.8500
   -1.0650
   -0.4600
   -0.2650
   -0.1400
   -0.1000
   -0.0550
   -0.0400
   -0.0400
   -0.0350
   -0.0300
   -0.0250
         0
    0.0100
    0.0200
    0.0250
    0.0400
    0.0650
    0.0800
    0.0800
    0.1100
    0.1600
    0.1850
    0.2300
    0.2400
    0.2900
    0.3100
    0.3000
    0.2500
    0.2300
    0.1850
    0.1250
    0.0800
    0.0400
   -0.0100
   -0.0150
   -0.0700
   -0.1200
   -0.1300
   -0.1300
   -0.1600
   -0.1800
   -0.1600
   -0.1700
   -0.1900
   -0.1850
   -0.1600
   -0.1250
   -0.1600
   -0.1200
   -0.1200
   -0.1300
   -0.0950
   -0.0650
   -0.0700
   -0.0750
   -0.0900
   -0.0700
   -0.0350
   -0.0300
   -0.0450
   -0.0700
   -0.0500
   -0.0800
   -0.0400
   -0.0300
   -0.0800
   -0.0500
   -0.0600
   -0.0750
   -0.0050
   -0.0050
   -0.0050
    0.0900
    0.1000
    0.1600
    0.1650
    0.0900
    0.0500
    0.0200
   -0.0500
   -0.0950
   -0.0950
   -0.1300
   -0.0950
   -0.0950
   -0.1400
   -0.1350
   -0.1600
   -0.1700
   -0.0500
    0.9300
    2.7200
    2.3050
   -0.3050
   -1.8100
   -2.0700
   -1.4650
   -0.6300
   -0.3400
   -0.1800
   -0.2000
   -0.1700
   -0.1000
   -0.0750
   -0.0750
   -0.0800
   -0.0400
   -0.0600
   -0.0700
   -0.0050
    0.0100
   -0.0800
   -0.0600
    0.0100
    0.0500
    0.1200
    0.1800
    0.1850
    0.2250
    0.2700
    0.3350
    0.3600
    0.3400
    0.2800
    0.2000
    0.1850
    0.1200
    0.0750
   -0.0400
   -0.1100
   -0.1200
   -0.2000
   -0.1950
   -0.2200
   -0.2750
   -0.2800
   -0.3250
   -0.2900
   -0.2700
   -0.2600
   -0.2250
   -0.2150
   -0.2000
   -0.1450
   -0.1350
   -0.1600
   -0.1750
   -0.1600
   -0.1100
   -0.0750
   -0.0550
   -0.0600
   -0.0650
   -0.0900
   -0.0950
   -0.1050
   -0.0900
   -0.0800
   -0.0900
   -0.0950
   -0.0750
   -0.0800
   -0.0500
   -0.0150
    0.0400
    0.0400
    0.1100
    0.1550
    0.1350
    0.0800
    0.0500
   -0.0250
   -0.0950
   -0.1500
   -0.1800
   -0.1900
   -0.2000
   -0.2150
   -0.1950
   -0.1750
   -0.1850
   -0.1600
    0.2500
    1.8550
    3.2950
    1.5650
   -1.0150
   -1.9000
   -1.8000
   -0.9200
   -0.3150
   -0.1500
    0.0050
    0.0750
    0.0700
    0.1300
    0.1250
    0.1300
    0.1100
    0.1500
    0.1600
    0.2050
    0.2150
    0.2550
    0.2650
    0.2950
    0.3050
    0.3300
    0.3450
    0.4150
    0.4500
    0.4900
    0.5200
    0.5200
    0.5050
    0.5200
    0.4550
    0.4400
    0.3450
    0.2700
    0.2100
    0.1600
    0.0800
    0.0400
   -0.0250
   -0.0550
   -0.0650
   -0.1200
   -0.1650
   -0.1850
   -0.1900
   -0.1550
   -0.1700
   -0.1450
   -0.1400
   -0.1200
   -0.1050
   -0.0600
   -0.0750
   -0.0650
   -0.0600
   -0.0600
   -0.0550
   -0.0450
   -0.0800
   -0.0850
   -0.1000
   -0.1050
   -0.1100
   -0.0900
   -0.1100
   -0.1050
   -0.1300
   -0.1150
   -0.0800
   -0.0300
   -0.0250
    0.0050
    0.0800
    0.0850
    0.0200
   -0.0250
   -0.1050
   -0.1400
   -0.1900
   -0.2150
   -0.2300
   -0.2200
   -0.2200
   -0.2100
   -0.2000
   -0.1600
   -0.1600
    0.4150
    2.3050
    3.1600
    0.7900
   -1.3600
   -1.9900
   -1.7700
   -0.8900
   -0.4550
   -0.3350
   -0.2300
   -0.1700
   -0.1500
   -0.1500
   -0.0950
   -0.0950
   -0.1050
   -0.0900
   -0.0750
   -0.0750
   -0.0250
   -0.0050
    0.0050
    0.0100
    0.0700
    0.1000
    0.1200
    0.1300
    0.1900
    0.2550
    0.2850
    0.3200
    0.3450
    0.2950
    0.2600
    0.2300
    0.1600
    0.0800
    0.0250
   -0.0350
   -0.0800
   -0.1600
   -0.1600
   -0.1800
   -0.2100
   -0.2350
   -0.2350
   -0.2650
   -0.2550
   -0.2500
   -0.2400
   -0.2700
   -0.2500
   -0.2500
   -0.2300
   -0.2600
   -0.2300
   -0.2000
   -0.1800
   -0.1750
   -0.1600
   -0.1550
   -0.1600
   -0.1600
   -0.1700
   -0.1900
   -0.1300
   -0.1600
   -0.2100
   -0.1800
   -0.1000
   -0.0650
   -0.0400
   -0.0400
    0.0300
    0.0250
   -0.0050
   -0.0400
   -0.0650
   -0.1300
   -0.1850
   -0.2100
   -0.2050
   -0.2250
   -0.2150
   -0.2300
   -0.2200
   -0.2200
   -0.1550
    0.3950
    2.2000
    3.1300
    0.9550
   -1.2050
   -1.8250
   -1.6400
   -0.7950
   -0.3950
   -0.2550
   -0.1750
   -0.1400
   -0.1100
   -0.0800
   -0.0800
   -0.0700
   -0.0650
   -0.0500
   -0.0600
   -0.0450
   -0.0400
   -0.0150
   -0.0050
    0.0100
    0.0200
    0.0600
    0.0900
    0.1250
    0.1500
    0.2100
    0.2450
    0.2900
    0.3100
    0.3200
    0.2900
    0.2700
    0.2100
    0.1350
    0.0600
    0.0100
   -0.0500
   -0.0750
   -0.1100
   -0.1250
   -0.1350
   -0.1400
   -0.1600
   -0.1600
   -0.1800
   -0.1750
   -0.1750
   -0.1850
   -0.2100
   -0.2100
   -0.2200
   -0.2000
   -0.2000
   -0.1900
   -0.1800
   -0.1600
   -0.1500
   -0.1350
   -0.1300
   -0.1000
   -0.0800
   -0.1000
   -0.1200
   -0.0750
   -0.0350
   -0.0250
   -0.0250
    0.0250
    0.1000
    0.1000
    0.0650
    0.0400
         0
   -0.0550
   -0.1150
   -0.1300
   -0.1500
   -0.1750
   -0.1900
   -0.1900
   -0.1900
   -0.1700
   -0.1300
    0.1700
    1.4450
    2.6200
    1.2200
   -0.8500
   -1.7200
   -1.8100
   -1.0600
   -0.4300
   -0.2800
   -0.1350
   -0.1000
   -0.1050
   -0.0650
   -0.0350
   -0.0300
         0
    0.0100
   -0.0200
   -0.0300
   -0.0300
   -0.0150
    0.0600
    0.0800
    0.0750
    0.1100
    0.1500
    0.1800
    0.2450
    0.2900
    0.3400
    0.3800
    0.3850
    0.3900
    0.4050
    0.3600
    0.2450
    0.1600
    0.0900
    0.0200
   -0.0200
   -0.1150
   -0.1600
   -0.1700
   -0.2100
   -0.2000
   -0.2000
   -0.2200
   -0.2900
   -0.2900
   -0.2650
   -0.2850
   -0.2800
   -0.2800
   -0.3450
   -0.3050
   -0.2600
   -0.3250
   -0.3300
   -0.2650
   -0.2300
   -0.2500
   -0.1900
   -0.2500
   -0.2650
   -0.1850
   -0.1600
   -0.1100
   -0.0600
   -0.0350
    0.0100
   -0.0100
   -0.0350
   -0.0600
   -0.0950
   -0.2000
   -0.2400
   -0.2550
   -0.2800
   -0.2400
   -0.2300
   -0.3000
   -0.3000
   -0.2400
   -0.2300
    0.4050
    2.3850
    3.0200
    0.4300
   -1.8500
   -2.3600
   -1.9600
   -0.9450
   -0.4700
   -0.3400
   -0.2000
   -0.1150
   -0.1400
   -0.1200
   -0.1050
   -0.0800
   -0.0700
   -0.0350
   -0.0400
    0.0050
   -0.0100
   -0.0050
    0.0200
    0.0400
    0.1000
    0.1600
    0.1700
    0.2400
    0.2700
    0.3100
    0.3850
    0.4550
    0.4050
    0.3800
    0.3550
    0.2900
    0.1800
    0.1300
   -0.0200
   -0.1000
   -0.1400
   -0.2000
   -0.2100
   -0.2550
   -0.2800
   -0.3150
   -0.3400
   -0.3350
   -0.3450
   -0.3300
   -0.3250
   -0.2900
   -0.2650
   -0.2600
   -0.2650
   -0.2250
   -0.2200
   -0.2000
   -0.2100
   -0.2000
   -0.2000
   -0.2000
   -0.2000
   -0.1850
   -0.2000
   -0.2000
   -0.2200
   -0.1900
   -0.1400
   -0.0800
   -0.0550
   -0.0400
    0.0050
    0.0300
   -0.0300
   -0.0800
   -0.1300
   -0.2000
   -0.2300
   -0.2300
   -0.2650
   -0.2650
   -0.2700
   -0.2400
   -0.2400
   -0.2400
   -0.1600
    0.7400
    2.8000
    2.9600
    0.2400
   -1.7050
   -2.0800
   -1.5900
   -0.7300
   -0.4300
   -0.2900
   -0.2150
   -0.1900
   -0.1400
   -0.1450
   -0.1200
   -0.1000
   -0.0900
   -0.0800
   -0.0450
   -0.0400
   -0.0300
   -0.0150
    0.0200
    0.0450
    0.0850
    0.1000
    0.1500
    0.1900
    0.2500
    0.3000
    0.3500
    0.3600
    0.3800
    0.3650
    0.3400
    0.2800
    0.2150
    0.1200
    0.0600
   -0.0100
   -0.0400
   -0.0900
   -0.1000
   -0.1150
   -0.1200
   -0.1450
   -0.1550
   -0.1700
   -0.1600
   -0.1800
   -0.1900
   -0.2000
   -0.1850
   -0.1900
   -0.1750
   -0.1750
   -0.1450
   -0.1400
   -0.1050
   -0.1000
   -0.0900
   -0.0750
   -0.0750
   -0.0900
   -0.0800
   -0.0750
   -0.0650
   -0.0750
   -0.0600
   -0.0700
   -0.0400
   -0.0150
    0.0250
    0.0500
    0.0900
    0.1400
    0.1750
    0.1450
    0.1100
    0.0800
    0.0500
   -0.0200
   -0.0400
   -0.0650
   -0.0850
   -0.1000
   -0.1050
   -0.1000
   -0.0750
   -0.0800
   -0.0350
    0.5000
    2.0850
    2.7500
    0.9650
   -0.7400
   -1.3400
   -1.2600
   -0.5800
   -0.2600
   -0.1400
   -0.0650
   -0.0100
    0.0150
    0.0250
    0.0400
    0.0600
    0.0500
    0.0800
    0.0750
    0.0750
    0.1100
    0.1200
    0.1050
    0.1400
    0.1600
    0.2100
    0.2100
    0.2300
    0.2800
    0.3150
    0.3400
    0.3800
    0.4050
    0.4200
    0.4050
    0.3750
    0.3100
    0.2100
    0.1500
    0.1200
    0.0800
    0.0600
    0.0500
         0
   -0.0500
   -0.0400
   -0.0400
   -0.0550
   -0.0700
   -0.0750
   -0.1200
   -0.1600
   -0.1350
   -0.1350
   -0.1800
   -0.1600
   -0.1300
   -0.1450
   -0.1600
   -0.1300
   -0.1400
   -0.1200
   -0.0950
   -0.0750
   -0.0800
   -0.0700
   -0.0600
   -0.0950
   -0.0950
   -0.0500
   -0.0800
   -0.0800
   -0.0400
   -0.0250
   -0.0150
    0.0250
    0.0600
    0.1250
    0.1250
    0.0700
    0.0300
   -0.0200
   -0.0800
   -0.1000
   -0.1150
   -0.1500
   -0.1300
   -0.1200
   -0.1600
   -0.1500
   -0.1300
   -0.1000
    0.2300
    1.6200
    2.7600
    1.1300
   -0.9500
   -1.7100
   -1.7300
   -0.9450
   -0.3900
   -0.2100
   -0.1300
   -0.0800
   -0.0400
   -0.0300
   -0.0050
   -0.0050
    0.0100
    0.0450
    0.0200
    0.0400
    0.0400
    0.0650
    0.0400
    0.0300
    0.1050
    0.1700
    0.2000
    0.2000
    0.2450
    0.3300
    0.3400
    0.3700
    0.3650
    0.3450
    0.3250
    0.2800
    0.2200
    0.1300
    0.0500
    0.0300
   -0.0400
   -0.0800
   -0.1000
   -0.1300
   -0.1500
   -0.1600
   -0.2000
   -0.1850
   -0.1850
   -0.2050
   -0.2150
   -0.2000
   -0.1950
   -0.1700
   -0.1500
   -0.1500
   -0.1400
   -0.0950
   -0.0800
   -0.1000
   -0.0900
   -0.0700
   -0.0900
   -0.0750
   -0.0800
   -0.0700
   -0.0750
   -0.0700
   -0.0750
   -0.0400
   -0.0200
   -0.0050
    0.0400
    0.0850
    0.1200
    0.2000
    0.1650
    0.0800
    0.0300
   -0.0100
   -0.0400
   -0.0950
   -0.0900
   -0.0050
   -0.0750
   -0.1400
   -0.1900
   -0.1550
   -0.1200
    0.0100
    1.1600
    3.0400
    2.3200
   -0.4550
   -1.8700
   -1.9650
   -1.3150
   -0.5300
   -0.3200
   -0.1600
   -0.1200
   -0.1100
   -0.0600
   -0.0200
   -0.0400
   -0.0200
   -0.0200
   -0.0100
   -0.0050
    0.0400
    0.0150
    0.0500
    0.0650
    0.1100
    0.1200
    0.1750
    0.1950
    0.2550
    0.2800
    0.3500
    0.3700
    0.3550
    0.3100
    0.3300
    0.3150
    0.2750
    0.1900
    0.1100
    0.0050
   -0.0500
   -0.1300
   -0.1800
   -0.2150
   -0.2000
   -0.1950
   -0.2300
   -0.2800
   -0.2400
   -0.2300
   -0.2400
   -0.2400
   -0.2150
   -0.1950
   -0.2000
   -0.1750
   -0.1350
   -0.1400
   -0.1200
   -0.0850
   -0.0600
   -0.1150
   -0.1450
   -0.1600
   -0.1600
   -0.1900
   -0.1750
   -0.1750
   -0.1750
   -0.1850
   -0.1800
   -0.1700
   -0.1100
   -0.1100
   -0.0750
   -0.0250
    0.0100
    0.1050
    0.1100
    0.0300
    0.0050
   -0.0900
   -0.2250
   -0.2950
   -0.2400
   -0.2200
   -0.1900
   -0.1900
   -0.1950
   -0.2000
   -0.1900
   -0.1800
    0.0750
    1.4400
    3.0800
    1.9700
   -0.4650
   -1.6050
   -1.7150
   -1.0600
   -0.4350
   -0.2700
   -0.1400
   -0.0900
   -0.0450
   -0.0600
   -0.0350
   -0.0100
    0.0100
    0.0100
    0.0150
   -0.0200
    0.0250
    0.0250
    0.0450
    0.0850
    0.0950
    0.1200
    0.1900
    0.1550
    0.1800
    0.2500
    0.2600
    0.3150
    0.3400
    0.3050
    0.2700
    0.2400
    0.2250
    0.1250
    0.0850
    0.0450
   -0.0300
   -0.0700
   -0.1000
   -0.1350
   -0.1500
   -0.1700
   -0.1700
   -0.2000
   -0.2200
   -0.2000
   -0.2000
   -0.2200
   -0.1800
   -0.1900
   -0.1950
   -0.1900
   -0.1700
   -0.2000
   -0.1600
   -0.1300
   -0.1400
   -0.1150
   -0.1000
   -0.0900
   -0.1100
   -0.1550
   -0.1150
   -0.0800
   -0.1200
   -0.1200
   -0.0950
   -0.1050
   -0.0950
   -0.0900
   -0.0900
   -0.1100
   -0.0850
   -0.0250
    0.0250
    0.0400
    0.0800
    0.1100
    0.1350
    0.0650
    0.0350
    0.0050
   -0.0500
   -0.1200
   -0.1500
   -0.1700
   -0.1600
   -0.1600
   -0.1700
   -0.1500
   -0.1600
   -0.1300
    0.0150
    1.0250
    2.7850
    2.3800
    0.1050
   -1.1900
   -1.5200
   -1.0650
   -0.4250
   -0.2600
   -0.1300
   -0.0850
   -0.0800
   -0.0500
   -0.0400
   -0.0300
   -0.0300
         0
   -0.0100
    0.0100
    0.0400
    0.0500
    0.0700
    0.0800
    0.1000
    0.1250
    0.1500
    0.2000
    0.2550
    0.2850
    0.3050
    0.3600
    0.3850
    0.3900
    0.3800
    0.3650
    0.3100
    0.2550
    0.1750
    0.1200
    0.0750
    0.0500
    0.0150
   -0.0050
   -0.0250
   -0.0350
   -0.0600
   -0.0650
   -0.0800
   -0.0750
   -0.1150
   -0.1250
   -0.1100
   -0.1100
   -0.1200
   -0.0900
   -0.0700
   -0.0450
   -0.0500
   -0.0100
   -0.0100
   -0.0050
   -0.0250
   -0.0050
    0.0500
    0.0300
   -0.0150
    0.0400
    0.0300
    0.0050
    0.0400
    0.0800
    0.0500
    0.0300
    0.0100
   -0.0100
    0.0050
    0.0550
    0.0900
    0.0650
    0.1000
    0.2050
    0.2400
    0.2250
    0.1600
    0.0950
    0.0550
    0.0500
   -0.0050
   -0.0300
   -0.0500
   -0.0450
   -0.0750
   -0.0900
   -0.0550
   -0.0100
   -0.0150
    0.5300
    1.9650
    2.5600
    0.8250
   -0.8800
   -1.5800
   -1.4100
   -0.6100
   -0.2150
   -0.0400
    0.0550
    0.0200
    0.0100
    0.0450
    0.0850
    0.0800
    0.0950
    0.1300
    0.1350
    0.1050
    0.1350
    0.1800
    0.1700
    0.1900
    0.2400
    0.2400
    0.2600
    0.2900
    0.3250
    0.3850
    0.4200
    0.4400
    0.4300
    0.4300
    0.4000
    0.3650
    0.3000
    0.2200
    0.1850
    0.1200
    0.0750
    0.0400
         0
   -0.0250
   -0.0400
   -0.0400
   -0.0400
   -0.1000
   -0.0950
   -0.0650
   -0.1050
   -0.1200
   -0.0900
   -0.0900
   -0.0550
   -0.0300
   -0.0400
   -0.0100
    0.0250
    0.0200
    0.0150
   -0.0250
    0.0150
         0
    0.0500
    0.0700
    0.0300
    0.0400
    0.0300
   -0.0100
    0.0050
    0.0500
    0.0650
    0.1000
    0.0950
    0.0900
    0.1450
    0.1700
    0.2600
    0.3000
    0.2450
    0.1600
    0.1200
    0.0700
    0.0050
    0.0100
   -0.0200
   -0.0550
   -0.0550
   -0.0500
   -0.0250
   -0.0500
   -0.0400
    0.0200
    0.8200
    2.7200
    2.9200
    0.4400
   -1.4050
   -1.7700
   -1.3600
   -0.5550
   -0.2150
   -0.1050
   -0.0300
    0.0250
    0.0300
    0.0800
    0.0750
    0.0400
    0.0850
    0.1000
    0.1000
    0.0800
    0.1200
    0.1600
    0.1800
    0.1650
    0.1600
    0.2100
    0.2850
    0.3050
    0.3750
    0.4400
    0.4600
    0.4900
    0.5200
    0.5000
    0.4200
    0.3250
    0.2550
    0.1600
    0.0700
    0.0400
   -0.0150
   -0.0400
   -0.0600
   -0.0900
   -0.1050
   -0.1150
   -0.1500
   -0.2000
   -0.2000
   -0.1700
   -0.1500
   -0.1600
   -0.1800
   -0.1600
   -0.0950
   -0.0700
   -0.0800
   -0.0400
   -0.0350
   -0.0500
   -0.0250
   -0.0400
   -0.0200
   -0.0250
   -0.0150
   -0.0400
   -0.0800
   -0.0550
   -0.0500
   -0.0900
   -0.0500
   -0.0750
   -0.1100
   -0.0900
   -0.0150
    0.0200
    0.0200
    0.1000
    0.1800
    0.2000
    0.1750
    0.1500
    0.0200
   -0.0400
   -0.0600
   -0.1200
   -0.1100
   -0.0900
   -0.0800
   -0.0450
   -0.0200
   -0.0400
    0.0400
    1.0000
    2.7900
    2.5050
    0.0300
   -1.4350
   -1.6800
   -1.1750
   -0.4700
   -0.2600
   -0.1400
   -0.0650
   -0.0550
   -0.0650
   -0.0750
   -0.1300
   -0.1000
   -0.0550
   -0.0150
   -0.0150
    0.0300
    0.0400
    0.0400
    0.0400
    0.0950
    0.1300
    0.1800
    0.2450
    0.3000
    0.3300
    0.3600
    0.3600
    0.3500
    0.3350
    0.3500
    0.2900
    0.2250
    0.1500
    0.0900
    0.0350
    0.0100
   -0.0500
   -0.1000
   -0.1350
   -0.1450
   -0.1500
   -0.1350
   -0.2150
   -0.2400
   -0.2150
   -0.2100
   -0.1900
   -0.1500
   -0.1600
   -0.1300
   -0.1200
   -0.0750
   -0.0550
   -0.0200
   -0.0400
   -0.0800
   -0.0700
   -0.0400
   -0.0350
   -0.0450
   -0.0400
   -0.0250
   -0.0500
   -0.0300
   -0.0500
   -0.0550
   -0.0300
   -0.0300
   -0.0400
    0.0100
    0.0600
    0.0800
    0.0850
    0.1300
    0.1500
    0.2050
    0.2000
    0.1400
    0.1050
    0.0600
   -0.0150
   -0.0200
   -0.0600
   -0.0750
   -0.1050
   -0.1150
   -0.1100
   -0.1000
   -0.1000
    0.0250
    0.8400
    2.3800
    2.2800
    0.4150
   -0.8400
   -1.2900
   -1.0550
   -0.4100
   -0.2250
   -0.1450
   -0.0750
   -0.0500
   -0.0400
   -0.0200
   -0.0100
    0.0100
   -0.0050
   -0.0050
    0.0200
    0.0400
    0.0300
    0.0800
    0.0750
    0.1000
    0.1200
    0.1300
    0.1650
    0.2100
    0.2600
    0.3350
    0.3600
    0.3600
    0.3450
    0.3400
    0.2800
    0.2400
    0.1500
    0.0900
    0.0250
   -0.0200
   -0.0650
   -0.1000
   -0.1200
   -0.1550
   -0.2100
   -0.2300
   -0.2300
   -0.1800
   -0.2050
   -0.1900
   -0.1700
   -0.1600
   -0.1550
   -0.1400
   -0.1400
   -0.1100
   -0.0950
   -0.0800
   -0.0800
   -0.0550
   -0.0500
   -0.0600
   -0.0800
   -0.0400
   -0.0500
   -0.1200
   -0.1400
   -0.1000
   -0.1500
   -0.1500
   -0.1300
   -0.1100
   -0.0950
   -0.0800
   -0.0400
   -0.0150
   -0.0300
         0
    0.0100
    0.0900
    0.1200
    0.0900
    0.0400
   -0.0200
   -0.0800
   -0.1400
   -0.1750
   -0.2150
   -0.2300
   -0.2200
   -0.2200
   -0.2300
   -0.2900
   -0.2600
   -0.1950
    0.4200
    1.8550
    2.1650
    0.4900
   -0.8900
   -1.4950
   -1.3800
   -0.6450
   -0.3750
   -0.2800
   -0.2750
   -0.2300
   -0.1850
   -0.1600
   -0.1200
   -0.1400
   -0.1500
   -0.1300
   -0.0800
   -0.0800
   -0.0500
   -0.0600
   -0.0350
    0.0100
    0.0450
    0.0450
    0.0600
    0.1100
    0.1500
    0.1800
    0.2000
    0.2150
    0.2900
    0.2800
    0.2200
    0.1900
    0.1200
    0.0500
    0.0100
   -0.0550
   -0.0800
   -0.1300
   -0.1800
   -0.1750
   -0.1600
   -0.2450
   -0.2300
   -0.2100
   -0.2700
   -0.3000
   -0.2650
   -0.1600
   -0.1550
   -0.2550
   -0.3150
   -0.2450
   -0.1600
   -0.1550
   -0.1500
   -0.1900
   -0.1500
   -0.1200
   -0.1300
   -0.1900
   -0.1600
   -0.0650
   -0.0500
   -0.2100
   -0.3350
   -0.2200
   -0.0900
   -0.1050
   -0.1900
   -0.1200
    0.0250
   -0.0400
   -0.0800
   -0.0600
   -0.0950
   -0.1800
   -0.1600
   -0.1350
   -0.2400
   -0.3250
   -0.2600
   -0.2800
   -0.3200
   -0.3000
   -0.2550
   -0.2250
    0.3250
    2.0700
    2.6400
    0.4400
   -1.4750
   -2.0000
   -1.7350
   -0.8400
   -0.3750
   -0.2800
   -0.1950
   -0.1800
   -0.0900
   -0.0800
   -0.1000
   -0.0200
         0
   -0.0350
    0.0250
    0.0650
    0.1250
    0.1700
    0.1350
    0.1500
    0.1750
    0.1700
    0.2150
    0.2700
    0.3300
    0.3650
    0.3950
    0.4000
    0.3650
    0.3150
    0.3050
    0.2400
    0.2000
    0.1200
    0.0250
   -0.0350
   -0.1150
   -0.1550
   -0.1450
   -0.1850
   -0.1950
   -0.1850
   -0.2250
   -0.2100
   -0.1800
   -0.1400
   -0.1000
   -0.0750
   -0.0700
   -0.0500
   -0.0500
   -0.0200
   -0.0050
   -0.0200
   -0.0300
   -0.0600
   -0.0550
   -0.0800
   -0.1000
   -0.1050
   -0.1200
   -0.1100
   -0.1300
   -0.1600
   -0.1300
   -0.1100
   -0.0750
   -0.0500
   -0.0300
   -0.0100
    0.0650
    0.1250
    0.0900
    0.0150
   -0.0400
   -0.0500
   -0.0800
   -0.1350
   -0.1550
   -0.1700
   -0.1850
   -0.2150
   -0.2150
   -0.2000
   -0.1600
    0.2500
    1.9800
    3.3100
    1.3100
   -1.1950
   -2.0150
   -1.8250
   -0.9550
   -0.4400
   -0.2700
   -0.1350
   -0.1000
   -0.0750
   -0.0300
    0.0050
    0.0200
    0.0600
    0.0800
    0.0950
    0.0950
    0.1050
    0.1400
    0.1650
    0.1850
    0.2200
    0.2500
    0.2700
    0.3150
    0.3300
    0.3500
    0.4000
    0.4200
    0.4150
    0.4000
    0.3800
    0.3250
    0.2600
    0.2000
    0.1400
    0.1050
    0.0500
    0.0100
   -0.0250
   -0.0350
   -0.0450
   -0.0750
   -0.0900
   -0.0950
   -0.0850
   -0.0700
   -0.0550
   -0.0500
   -0.0150
    0.0100
    0.0400
    0.0450
    0.0600
    0.0850
    0.0950
    0.1100
    0.1000
    0.1000
    0.0950
    0.0950
    0.0750
    0.0750
    0.0800
    0.0900
    0.0950
    0.1200
    0.1600
    0.1900
    0.2300
    0.2750
    0.3150
    0.3000
    0.2300
    0.1850
    0.1500
    0.1100
    0.0900
    0.0700
    0.0500
    0.0400
    0.0500
    0.0500
    0.0600
    0.0700
    0.1700
    0.9900
    2.7200
    2.6800
    0.4800
   -0.9200
   -1.3200
   -1.0100
   -0.3000
   -0.0800
    0.0500
    0.1100
    0.1300
    0.1600
    0.1750
    0.1900
    0.2050
    0.2150
    0.2200
    0.2400
    0.2450
    0.2550
    0.2700
    0.2900
    0.3000
    0.3300
    0.3400
    0.3700
    0.4100
    0.4550
    0.4900
    0.5200
    0.5300
    0.5250
    0.4950
    0.4600
    0.4150
    0.3600
    0.3000
    0.2500
    0.2000
    0.1750
    0.1350
    0.1100
    0.0900
    0.0700
    0.0550
    0.0500
    0.0550
    0.0600
    0.0500
    0.0550
    0.0500
    0.0550
    0.0700
    0.0950
    0.1200
    0.1350
    0.1400
    0.1450
    0.1450
    0.1600
    0.1600
    0.1500
    0.1400
    0.1400
    0.1450
    0.1650
    0.1850
    0.2000
    0.2400
    0.2800
    0.3200
    0.3500
    0.3400
    0.2800
    0.2300
    0.2050
    0.1400
    0.0950
    0.0800
    0.0500
    0.0500
    0.0550
    0.0550
    0.0700
    0.0800
    0.1750
    0.9750
    2.6000
    2.4950
    0.4200
   -0.8900
   -1.2650
   -0.9400
   -0.2700
   -0.0600
    0.0500
    0.1250
    0.1450
    0.1750
    0.1900
    0.2000
    0.2100
    0.2100
    0.2000
    0.2200
    0.2400
    0.2450
    0.2500
    0.2550
    0.2850
    0.2950
    0.3150
    0.3450
    0.4000
    0.4200
    0.4500
    0.4650
    0.4700
    0.4700
    0.4400
    0.4050
    0.3450
    0.2850
    0.2300
    0.1850
    0.1450
    0.1000
    0.0800
    0.0600
    0.0400
    0.0150
    0.0100
    0.0100
         0
         0
   -0.0050
    0.0100
    0.0300
    0.0400
    0.0600
    0.0700
    0.0950
    0.0900
    0.1000
    0.1000
    0.1000
    0.1000
    0.1000
    0.0950
    0.0900
    0.0950
    0.1050
    0.1200
    0.1450
    0.1700
    0.2000
    0.2150
    0.2800
    0.2800
    0.2400
    0.1800
    0.1500
    0.1000
    0.0550
    0.0200
   -0.0050
   -0.0150
   -0.0200
   -0.0100
   -0.0100
   -0.0100
         0
    0.2700
    1.5200
    2.7800
    1.6100
   -0.3600
   -1.1900
   -1.3350
   -0.7300
   -0.2400
   -0.1000
    0.0050
    0.0550
    0.0600
    0.0700
    0.0800
    0.0950
    0.0900
    0.1000
    0.0950
    0.1250
    0.1600
    0.1700
    0.1700
    0.1850
    0.2250
    0.2550
    0.2700
    0.3000
    0.3400
    0.3650
    0.3900
    0.4050
    0.3850
    0.3700
    0.3500
    0.3100
    0.2400
    0.1700
    0.1200
    0.0650
    0.0200
         0
   -0.0350
   -0.0550
   -0.0650
   -0.0800
   -0.0950
   -0.1100
   -0.1100
   -0.1050
   -0.0900
   -0.0900
   -0.0700
   -0.0600
   -0.0650
   -0.0500
   -0.0300
   -0.0150
   -0.0100
   -0.0100
   -0.0100
   -0.0100
   -0.0050
   -0.0300
   -0.0400
   -0.0100
    0.0150
    0.0650
    0.0900
    0.1200
    0.1700
    0.1750
    0.1200
    0.0800
    0.0450
   -0.0050
   -0.0650
   -0.0800
   -0.1100
   -0.1000
   -0.1000
   -0.1200
   -0.1200
   -0.0900
   -0.0550
    0.3700
    1.8200
    2.6250
    0.8300
   -0.8800
   -1.4900
   -1.4500
   -0.6850
   -0.2600
   -0.1400
   -0.0400
   -0.0100
    0.0100
    0.0400
    0.0500
    0.0450
    0.0700
    0.0750
    0.0900
    0.1050
    0.1200
    0.1200
    0.1350
    0.1500
    0.1800
    0.2000
    0.2400
    0.2700
    0.3000
    0.3300
    0.3600
    0.3600
    0.3450
    0.3150
    0.2850
    0.2250
    0.1850
    0.1100
    0.0550
    0.0100
   -0.0200
   -0.0650
   -0.0800
   -0.1000
   -0.1200
   -0.1350
   -0.1300
   -0.1450
   -0.1300
   -0.1200
   -0.1200
   -0.1050
   -0.0800
   -0.0600
   -0.0400
   -0.0400
   -0.0250
   -0.0150
    0.0050
   -0.0100
    0.0050
   -0.0250
   -0.0200
   -0.0200
    0.0100
    0.0200
    0.0650
    0.1100
    0.1400
    0.1700
    0.1600
    0.1200
    0.0650
    0.0300
   -0.0350
   -0.0700
   -0.0800
   -0.0900
   -0.0900
   -0.1000
   -0.0800
   -0.0850
   -0.0700
    0.0150
    0.7900
    2.2600
    2.0000
   -0.0250
   -1.1450
   -1.4850
   -1.1500
   -0.4300
   -0.1900
   -0.0700
   -0.0100
    0.0250
    0.0400
    0.0450
    0.0800
    0.0700
    0.0800
    0.0900
    0.1100
    0.1050
    0.1300
    0.1400
    0.1600
    0.1700
    0.2000
    0.2200
    0.2500
    0.2700
    0.3150
    0.3500
    0.3600
    0.3450
    0.3300
    0.3050
    0.2800
    0.2100
    0.1500
    0.0900
    0.0400
   -0.0050
   -0.0300
   -0.0850
   -0.0950
   -0.1150
   -0.1200
   -0.1400
   -0.1450
   -0.1400
   -0.1250
   -0.1200
   -0.1100
   -0.0900
   -0.0700
   -0.0550
   -0.0400
   -0.0300
   -0.0350
   -0.0400
   -0.0200
   -0.0250
   -0.0300
   -0.0300
   -0.0200
   -0.0150
    0.0250
    0.0350
    0.0650
    0.0850
    0.1450
    0.1850
    0.1850
    0.1200
    0.0650
    0.0200
   -0.0300
   -0.0700
   -0.0800
   -0.1000
   -0.0950
   -0.0950
   -0.0800
   -0.0800
   -0.0800
    0.0050
    0.6600
    2.1000
    2.0850
    0.0500
   -1.2500
   -1.6900
   -1.3800
   -0.5400
   -0.2200
   -0.1050
   -0.0250
         0
    0.0200
    0.0400
    0.0600
    0.0600
    0.0800
    0.0850
    0.1100
    0.1100
    0.1250
    0.1600
    0.1700
    0.1850
    0.2100
    0.2150
    0.2600
    0.2950
    0.3350
    0.3500
    0.3700
    0.3650
    0.3500
    0.3000
    0.2600
    0.2150
    0.1600
    0.0850
    0.0400
   -0.0100
   -0.0600
   -0.0950
   -0.1050
   -0.1300
   -0.1550
   -0.1600
   -0.1400
   -0.1500
   -0.1500
   -0.1250
   -0.1050
   -0.0800
   -0.0500
   -0.0600
   -0.0300
   -0.0350
   -0.0400
   -0.0300
   -0.0350
   -0.0400
   -0.0400
   -0.0500
   -0.0350
   -0.0400
   -0.0200
    0.0100
    0.0500
    0.0750
    0.1300
    0.1800
    0.1350
    0.0800
    0.0250
   -0.0500
   -0.0700
   -0.1150
   -0.1300
   -0.1350
   -0.1700
   -0.1800
   -0.1400
   -0.1450
   -0.1200
   -0.0700
    0.5450
    2.0950
    2.1200
   -0.1200
   -1.5600
   -1.9250
   -1.5600
   -0.6400
   -0.3000
   -0.1700
   -0.0900
   -0.0600
   -0.0400
   -0.0300
   -0.0250
   -0.0100
    0.0400
    0.0500
    0.0500
    0.0400
    0.0650
    0.0800
    0.1200
    0.1600
    0.1650
    0.1800
    0.2300
    0.2500
    0.2850
    0.3000
    0.3150
    0.3000
    0.2800
    0.2300
    0.1800
    0.1300
    0.0950
    0.0100
   -0.0700
   -0.1150
   -0.1200
   -0.1450
   -0.1900
   -0.2150
   -0.2050
   -0.2200
   -0.2250
   -0.2150
   -0.1850
   -0.1600
   -0.1600
   -0.1350
   -0.0900
   -0.0750
   -0.0650
   -0.0950
   -0.0800
   -0.0900
   -0.0950
   -0.0900
   -0.0950
   -0.1050
   -0.0950
   -0.1100
   -0.1150
   -0.1200
   -0.0900
   -0.0600
   -0.0050
    0.0500
    0.1100
    0.1100
    0.0500
   -0.0050
   -0.0600
   -0.1100
   -0.1300
   -0.1700
   -0.1950
   -0.2150
   -0.2050
   -0.2200
   -0.2000
   -0.2150
   -0.1950
   -0.1150
    0.7250
    2.4300
    2.0750
   -0.4200
   -1.7800
   -2.0250
   -1.4800
   -0.6150
   -0.3400
   -0.2100
   -0.1400
   -0.1100
   -0.0900
   -0.0750
   -0.0400
   -0.0400
   -0.0200
   -0.0100
    0.0050
         0
    0.0300
    0.0450
    0.0850
    0.1050
    0.1350
    0.1600
    0.1800
    0.2200
    0.2500
    0.2600
    0.2600
    0.2450
    0.2200
    0.1850
    0.1400
    0.0800
    0.0250
   -0.0400
   -0.0750
   -0.1150
   -0.1500
   -0.1900
   -0.2150
   -0.2400
   -0.2450
   -0.2450
   -0.2300
   -0.2100
   -0.1900
   -0.1750
   -0.1500
   -0.1100
   -0.0800
   -0.0650
   -0.0500
   -0.0500
   -0.0400
   -0.0600
   -0.0600
   -0.0750
   -0.0700
   -0.0700
   -0.0800
   -0.0800
   -0.0800
   -0.1000
   -0.0850
   -0.0900
   -0.0700
   -0.0500
   -0.0200
    0.0300
    0.0500
    0.0950
    0.1350
    0.1200
    0.0650
    0.0100
   -0.0200
   -0.0800
   -0.1050
   -0.1400
   -0.1500
   -0.1500
   -0.1600
   -0.1700
   -0.1600
   -0.1450
   -0.1150
    0.0450
    1.0800
    2.5750
    1.9000
   -0.2500
   -1.3400
   -1.6050
   -1.0800
   -0.4100
   -0.2350
   -0.1150
   -0.0550
   -0.0300
   -0.0150
   -0.0050
    0.0100
    0.0100
    0.0400
    0.0500
    0.0600
    0.0800
    0.1000
    0.1100
    0.1300
    0.1450
    0.1800
    0.1950
    0.2250
    0.2550
    0.3000
    0.3250
    0.3400
    0.3200
    0.3000
    0.2800
    0.2400
    0.1800
    0.1100
    0.0500
    0.0250
   -0.0300
   -0.0650
   -0.1000
   -0.1100
   -0.1350
   -0.1500
   -0.1600
   -0.1600
   -0.1600
   -0.1400
   -0.1450
   -0.1300
   -0.1050
   -0.1000
   -0.0800
   -0.0550
   -0.0500
   -0.0250
   -0.0300
   -0.0250
   -0.0350
   -0.0450
   -0.0550
   -0.0500
   -0.0550
   -0.0500
   -0.0500
   -0.0500
   -0.0550
   -0.0400
   -0.0450
   -0.0600
   -0.0550
   -0.0350
   -0.0050
    0.0200
    0.0500
    0.0900
    0.1400
    0.1600
    0.1200
    0.0850
    0.0450
   -0.0150
   -0.0600
   -0.0750
   -0.0950
   -0.1050
   -0.1200
   -0.1200
   -0.1200
   -0.1200
   -0.1100
   -0.0750
    0.2800
    1.6150
    2.5800
    1.1050
   -0.6900
   -1.4400
   -1.4900
   -0.7750
   -0.3150
   -0.1900
   -0.0850
   -0.0500
   -0.0150
         0
    0.0100
    0.0200
    0.0300
    0.0450
    0.0400
    0.0600
    0.0700
    0.0800
    0.1100
    0.1100
    0.1300
    0.1600
    0.1850
    0.2300
    0.2600
    0.2900
    0.3050
    0.3150
    0.2900
    0.2750
    0.2350
    0.2050
    0.1600
    0.1000
    0.0550
    0.0100
   -0.0300
   -0.0650
   -0.0900
   -0.1000
   -0.1200
   -0.1300
   -0.1400
   -0.1400
   -0.1350
   -0.1350
   -0.1200
   -0.1000
   -0.1000
   -0.0800
   -0.0600
   -0.0500
   -0.0500
   -0.0500
   -0.0400
   -0.0400
   -0.0400
   -0.0500
   -0.0600
   -0.0600
   -0.0700
   -0.0650
   -0.0800
   -0.0900
   -0.0750
   -0.0950
   -0.0900
   -0.0950
   -0.0850
   -0.0800
   -0.0800
   -0.0950
   -0.0700
   -0.0500
   -0.0250
    0.0050
    0.0600
    0.1050
    0.1000
    0.0550
    0.0200
   -0.0300
   -0.0700
   -0.1150
   -0.1350
   -0.1600
   -0.1700
   -0.1700
   -0.1750
   -0.1700
   -0.1600
   -0.1500
   -0.1200
    0.1600
    1.3800
    2.4500
    1.2000
   -0.6200
   -1.4300
   -1.5450
   -0.8750
   -0.3700
   -0.2200
   -0.1200
   -0.0800
   -0.0400
   -0.0350
   -0.0250
   -0.0100
   -0.0350
   -0.0050
    0.0100
    0.0150
    0.0150
    0.0500
    0.0550
    0.0700
    0.0900
    0.1100
    0.1300
    0.1800
    0.2000
    0.2300
    0.2500
    0.2450
    0.2200
    0.2000
    0.1600
    0.1200
    0.0700
    0.0300
   -0.0300
   -0.0650
   -0.0950
   -0.1300
   -0.1600
   -0.1600
   -0.1700
   -0.1700
   -0.1850
   -0.1700
   -0.1650
   -0.1500
   -0.1450
   -0.1300
   -0.1100
   -0.0900
   -0.0900
   -0.0700
   -0.0700
   -0.0600
   -0.0500
   -0.0500
   -0.0550
   -0.0550
   -0.0400
   -0.0550
   -0.0550
   -0.0500
   -0.0700
   -0.0500
   -0.0600
   -0.0500
   -0.0600
   -0.0500
   -0.0600
   -0.0550
   -0.0700
   -0.0650
   -0.0700
   -0.0650
   -0.0650
   -0.0500
   -0.0400
   -0.0050
    0.0100
    0.0500
    0.0900
    0.1400
    0.1400
    0.1250
    0.0800
    0.0500
    0.0050
   -0.0500
   -0.0900
   -0.1000
   -0.1150
   -0.1200
   -0.1300
   -0.1300
   -0.1500
   -0.1150
   -0.0950
    0.0350
    0.9400
    2.3300
    1.7600
   -0.2100
   -1.2550
   -1.5550
   -1.0900
   -0.4350
   -0.2500
   -0.1400
   -0.0950
   -0.0550
   -0.0400
   -0.0150
   -0.0200
    0.0050
    0.0100
    0.0100
    0.0250
    0.0200
    0.0200
    0.0400
    0.0600
    0.0800
    0.1000
    0.1200
    0.1400
    0.1750
    0.2000
    0.2200
    0.2100
    0.2000
    0.1700
    0.1450
    0.1050
    0.0600
    0.0100
   -0.0400
   -0.0650
   -0.0950
   -0.1200
   -0.1400
   -0.1700
   -0.1700
   -0.1850
   -0.1950
   -0.1850
   -0.1700
   -0.1600
   -0.1450
   -0.1300
   -0.1200
   -0.0900
   -0.0750
   -0.0600
   -0.0400
   -0.0450
   -0.0400
   -0.0400
   -0.0500
   -0.0600
   -0.0600
   -0.0600
   -0.0700
   -0.0750
   -0.0800
   -0.0750
   -0.0800
   -0.0800
   -0.0800
   -0.0850
   -0.0850
   -0.0750
   -0.0700
   -0.0750
   -0.0700
   -0.0700
   -0.0700
   -0.0650
   -0.0600
   -0.0600
   -0.0400
   -0.0150
   -0.0100
    0.0250
    0.0850
    0.1400
    0.1500
    0.1300
    0.0700
    0.0300
   -0.0100
   -0.0600
   -0.0800
   -0.1100
   -0.1200
   -0.1200
   -0.1200
   -0.1200
   -0.1350
   -0.1200
   -0.0900
    0.0800
    1.0850
    2.3700
    1.5800
   -0.3400
   -1.2700
   -1.5200
   -1.0050
   -0.4000
   -0.2300
   -0.1200
   -0.0750
   -0.0550
   -0.0400
   -0.0200
   -0.0100
   -0.0200
   -0.0100
    0.0050
    0.0200
    0.0300
    0.0300
    0.0350
    0.0500
    0.0650
    0.0800
    0.1050
    0.1100
    0.1500
    0.1700
    0.1850
    0.1750
    0.1700
    0.1400
    0.1050
    0.0550
    0.0100
   -0.0250
   -0.0600
   -0.0950
   -0.1200
   -0.1500
   -0.1700
   -0.1900
   -0.2100
   -0.2200
   -0.2200
   -0.2100
   -0.1900
   -0.1750
   -0.1600
   -0.1500
   -0.1200
   -0.1100
   -0.1000
   -0.0850
   -0.0700
   -0.0800
   -0.0800
   -0.0900
   -0.0800
   -0.1000
   -0.1000
   -0.1150
   -0.1100
   -0.1100
   -0.1100
   -0.1200
   -0.1200
   -0.1200
   -0.1150
   -0.1200
   -0.1200
   -0.1300
   -0.1100
   -0.1100
   -0.1200
   -0.1200
   -0.1100
   -0.1200
   -0.1100
   -0.1200
   -0.1100
   -0.1100
   -0.0950
   -0.0700
   -0.0600
   -0.0200
    0.0300
    0.0800
    0.1000
    0.0800
    0.0450
   -0.0050
   -0.0400
   -0.1050
   -0.1200
   -0.1350
   -0.1450
   -0.1450
   -0.1350
   -0.1400
   -0.1200
   -0.1150
   -0.1000
    0.0700
    1.0500
    2.3300
    1.5600
   -0.3400
   -1.2700
   -1.5200
   -1.0000
   -0.4050
   -0.2450
   -0.1400
   -0.0950
   -0.0700
   -0.0500
   -0.0400
   -0.0250
   -0.0250
   -0.0150
   -0.0150
    0.0100
    0.0100
    0.0200
    0.0100
    0.0400
    0.0550
    0.0700
    0.0900
    0.1200
    0.1350
    0.1600
    0.1650
    0.1500
    0.1250
    0.1100
    0.0700
    0.0300
   -0.0250
   -0.0550
   -0.0750
   -0.1100
   -0.1450
   -0.1550
   -0.1800
   -0.1950
   -0.2200
   -0.2200
   -0.2200
   -0.2100
   -0.2100
   -0.1950
   -0.1900
   -0.1600
   -0.1500
   -0.1350
   -0.1200
   -0.1100
   -0.0950
   -0.0800
   -0.0850
   -0.0800
   -0.1000
   -0.0950
   -0.1050
   -0.0950
   -0.1000
   -0.1100
   -0.1200
   -0.1200
   -0.1300
   -0.1300
   -0.1150
   -0.1200
   -0.1200
   -0.1300
   -0.1350
   -0.1400
   -0.1350
   -0.1400
   -0.1400
   -0.1350
   -0.1400
   -0.1350
   -0.1400
   -0.1200
   -0.1400
   -0.1350
   -0.1200
   -0.0800
   -0.0750
   -0.0300
    0.0100
    0.0500
    0.0550
    0.0400
   -0.0100
   -0.0500
   -0.0850
   -0.1350
   -0.1600
   -0.1700
   -0.2000
   -0.1950
   -0.1950
   -0.1950
   -0.2000
   -0.1700
   -0.1500
    0.1350
    1.3100
    2.3300
    1.0700
   -0.6450
   -1.4100
   -1.5250
   -0.8850
   -0.4050
   -0.2700
   -0.1850
   -0.1550
   -0.1150
   -0.1050
   -0.0900
   -0.0800
   -0.0750
   -0.0700
   -0.0550
   -0.0550
   -0.0500
   -0.0250
    0.0100
    0.0100
    0.0300
    0.0500
    0.0650
    0.0900
    0.1100
    0.1100
    0.1400
    0.1300
    0.1050
    0.0600
    0.0300
   -0.0300
   -0.0650
   -0.0950
   -0.1100
   -0.1300
   -0.1450
   -0.1600
   -0.1850
   -0.2000
   -0.2000
   -0.2200
   -0.2150
   -0.2200
   -0.2000
   -0.1900
   -0.1700
   -0.1600
   -0.1450
   -0.1200
   -0.1050
   -0.0900
   -0.0700
   -0.0750
   -0.0700
   -0.0700
   -0.0700
   -0.0800
   -0.0800
   -0.0900
   -0.0800
   -0.0900
   -0.0900
   -0.1000
   -0.1000
   -0.1000
   -0.0900
   -0.1100
   -0.1100
   -0.1100
   -0.1100
   -0.1300
   -0.1100
   -0.1000
   -0.0950
   -0.1100
   -0.1150
   -0.1200
   -0.1100
   -0.1100
   -0.0750
   -0.0650
   -0.0300
    0.0100
    0.0600
    0.0900
    0.0850
    0.0250
   -0.0300
   -0.0650
   -0.1150
   -0.1450
   -0.1500
   -0.1900
   -0.1800
   -0.1850
   -0.1800
   -0.1800
   -0.1700
   -0.1500
    0.1100
    1.2500
    2.3200
    1.1000
   -0.7150
   -1.5150
   -1.6400
   -0.9700
   -0.4050
   -0.2750
   -0.1600
   -0.1200
   -0.0900
   -0.0700
   -0.0550
   -0.0500
   -0.0300
   -0.0300
   -0.0200
   -0.0150
    0.0050
    0.0200
    0.0300
    0.0450
    0.0800
    0.0900
    0.1100
    0.1350
    0.1750
    0.1900
    0.2000
    0.1900
    0.1650
    0.1500
    0.0950
    0.0200
   -0.0150
   -0.0350
   -0.0650
   -0.0850
   -0.1000
   -0.1400
   -0.1700
   -0.1900
   -0.2000
   -0.2200
   -0.2100
   -0.2150
   -0.2000
   -0.2100
   -0.1600
   -0.1400
   -0.1200
   -0.1100
   -0.0800
   -0.0600
   -0.0600
   -0.0550
   -0.0650
   -0.0700
   -0.0550
   -0.0750
   -0.0700
   -0.0600
   -0.0750
   -0.0800
   -0.0750
   -0.0750
   -0.0750
   -0.0900
   -0.1000
   -0.1000
   -0.0900
   -0.1050
   -0.1000
   -0.0800
   -0.0700
   -0.0700
   -0.0500
   -0.0500
   -0.0050
    0.0400
    0.1200
    0.1200
    0.0850
    0.0400
    0.0050
   -0.0400
   -0.1000
   -0.1350
   -0.1600
   -0.1550
   -0.1500
   -0.1900
   -0.1900
   -0.1600
   -0.1400
   -0.0950
    0.4300
    1.8800
    2.1200
    0.1600
   -1.3400
   -1.8300
   -1.5600
   -0.6700
   -0.3200
   -0.1950
   -0.1200
   -0.1200
   -0.0900
   -0.0700
   -0.0400
   -0.0350
   -0.0350
   -0.0150
   -0.0050
   -0.0050
    0.0100
    0.0300
    0.0400
    0.0550
    0.0800
    0.0950
    0.1300
    0.1600
    0.1950
    0.2150
    0.2250
    0.2150
    0.2000
    0.1450
    0.1050
    0.0500
    0.0150
   -0.0250
   -0.0550
   -0.0900
   -0.1000
   -0.1350
   -0.1700
   -0.1900
   -0.1900
   -0.2000
   -0.2000
   -0.2000
   -0.1800
   -0.1700
   -0.1600
   -0.1400
   -0.1150
   -0.0900
   -0.0700
   -0.0650
   -0.0600
   -0.0550
   -0.0400
   -0.0500
   -0.0500
   -0.0700
   -0.0800
   -0.0700
   -0.0700
   -0.0750
   -0.0700
   -0.0900
   -0.0800
   -0.0850
   -0.1000
   -0.0900
   -0.0800
   -0.0900
   -0.0850
   -0.0650
   -0.0350
   -0.0050
    0.0400
    0.0800
    0.1250
    0.1300
    0.0650
    0.0200
   -0.0200
   -0.0750
   -0.1050
   -0.1300
   -0.1500
   -0.1500
   -0.1450
   -0.1450
   -0.1450
   -0.1450
   -0.1100
    0.1500
    1.3400
    2.4650
    1.2100
   -0.6150
   -1.4100
   -1.5500
   -0.9000
   -0.3500
   -0.2000
   -0.1100
   -0.0700
   -0.0500
   -0.0300
   -0.0150
    0.0050
    0.0150
    0.0250
    0.0450
    0.0300
    0.0500
    0.0600
    0.0650
    0.0950
    0.1200
    0.1300
    0.1600
    0.2000
    0.2150
    0.2500
    0.2700
    0.2700
    0.2550
    0.2600
    0.2000
    0.1500
    0.1000
    0.0500
    0.0050
   -0.0250
   -0.0500
   -0.0750
   -0.1000
   -0.1200
   -0.1400
   -0.1550
   -0.1600
   -0.1600
   -0.1500
   -0.1300
   -0.1150
   -0.0900
   -0.0750
   -0.0550
   -0.0400
   -0.0150
   -0.0050
    0.0100
    0.0250
    0.0250
    0.0150
    0.0200
    0.0050
   -0.0050
   -0.0100
   -0.0200
   -0.0150
   -0.0300
   -0.0200
   -0.0200
   -0.0200
   -0.0150
   -0.0200
   -0.0100
   -0.0150
   -0.0400
   -0.0400
   -0.0050
    0.0200
    0.0500
    0.0850
    0.1300
    0.1850
    0.1750
    0.1300
    0.0800
    0.0550
   -0.0100
   -0.0400
   -0.0600
   -0.0900
   -0.0900
   -0.0900
   -0.0950
   -0.1000
   -0.0900
   -0.0600
    0.0700
    0.9200
    2.3300
    1.8600
   -0.0950
   -1.1750
   -1.5100
   -1.1000
   -0.4250
   -0.2100
   -0.0950
   -0.0400
   -0.0200
         0
    0.0100
    0.0150
    0.0400
    0.0400
    0.0400
    0.0500
    0.0550
    0.0700
    0.0800
    0.0900
    0.1050
    0.1300
    0.1450
    0.1800
    0.2100
    0.2400
    0.2600
    0.2700
    0.2600
    0.2500
    0.2200
    0.1800
    0.1350
    0.0800
    0.0300
         0
   -0.0250
   -0.0500
   -0.0750
   -0.1000
   -0.1200
   -0.1450
   -0.1500
   -0.1600
   -0.1600
   -0.1550
   -0.1450
   -0.1400
   -0.1300
   -0.1150
   -0.0900
   -0.0900
   -0.0700
   -0.0600
   -0.0500
   -0.0550
   -0.0500
   -0.0500
   -0.0600
   -0.0700
   -0.0700
   -0.0700
   -0.0700
   -0.0750
   -0.0700
   -0.0700
   -0.0800
   -0.0850
   -0.0750
   -0.0800
   -0.0700
   -0.0850
   -0.0750
   -0.0800
   -0.0800
   -0.0850
   -0.0800
   -0.0550
   -0.0300
   -0.0050
    0.0400
    0.0850
    0.1350
    0.1350
    0.0850
    0.0500
    0.0300
   -0.0400
   -0.0700
   -0.0950
   -0.1150
   -0.1150
   -0.1200
   -0.1400
   -0.1350
   -0.1200
   -0.1200
   -0.0600
    0.5000
    1.9500
    2.2100
    0.4000
   -0.9900
   -1.5250
   -1.3500
   -0.6200
   -0.2900
   -0.1600
   -0.1000
   -0.0650
   -0.0400
   -0.0350
   -0.0100
   -0.0200
         0
   -0.0050
    0.0100
    0.0150
    0.0400
    0.0300
    0.0550
    0.0600
    0.0850
    0.1050
    0.1400
    0.1500
    0.1900
    0.2000
    0.2300
    0.2300
    0.2200
    0.1800
    0.1600
    0.1000
    0.0550
   -0.0100
   -0.0400
   -0.0750
   -0.0900
   -0.1300
   -0.1400
   -0.1700
   -0.1800
   -0.2000
   -0.2100
   -0.2150
   -0.2000
   -0.2000
   -0.1750
   -0.1600
   -0.1350
   -0.1450
   -0.1100
   -0.1200
   -0.1000
   -0.0800
   -0.0700
   -0.0800
   -0.0650
   -0.0800
   -0.0650
   -0.0800
   -0.0800
   -0.0950
   -0.0800
   -0.1000
   -0.0900
   -0.1100
   -0.1050
   -0.1050
   -0.0950
   -0.1100
   -0.1000
   -0.1200
   -0.1000
   -0.1100
   -0.1050
   -0.1200
   -0.0900
   -0.0700
   -0.0350
   -0.0200
    0.0400
    0.0750
    0.1250
    0.0800
    0.0300
   -0.0150
   -0.0350
   -0.0950
   -0.1200
   -0.1500
   -0.1400
   -0.1600
   -0.1400
   -0.1700
   -0.1400
   -0.1450
   -0.1150
    0.0400
    1.0550
    2.3200
    1.5400
   -0.3850
   -1.3150
   -1.5700
   -1.0350
   -0.4350
   -0.2650
   -0.1750
   -0.1050
   -0.0900
   -0.0700
   -0.0650
   -0.0300
   -0.0300
   -0.0150
   -0.0250
   -0.0100
   -0.0100
    0.0100
    0.0250
    0.0450
    0.0500
    0.0900
    0.0900
