   -0.2150
   -0.1350
   -0.1650
   -0.0750
   -0.0750
    0.0400
   -0.0250
    0.0450
   -0.0600
   -0.0850
   -0.1950
   -0.1600
   -0.2500
   -0.2100
   -0.3000
   -0.2400
   -0.3100
   -0.2650
   -0.5850
   -0.8550
   -0.4500
    1.3450
    2.8850
    2.2350
    0.3750
   -0.3850
   -0.5400
   -0.3250
   -0.3650
   -0.3200
   -0.3700
   -0.2950
   -0.3500
   -0.3050
   -0.3600
   -0.3150
   -0.3750
   -0.2750
   -0.3250
   -0.2750
   -0.3300
   -0.2600
   -0.2950
   -0.2000
   -0.2400
   -0.1650
   -0.1650
   -0.0450
   -0.0850
         0
   -0.0450
    0.0150
   -0.0450
   -0.0200
   -0.1150
   -0.0950
   -0.1850
   -0.1500
   -0.2300
   -0.1800
   -0.2450
   -0.1850
   -0.2400
   -0.1950
   -0.2650
   -0.2050
   -0.2650
   -0.1950
   -0.2450
   -0.1950
   -0.2400
   -0.1550
   -0.1600
   -0.0650
   -0.0750
    0.0050
   -0.0350
    0.0050
   -0.1000
   -0.1100
   -0.2150
   -0.1850
   -0.2650
   -0.2300
   -0.2950
   -0.2450
   -0.2850
   -0.2650
   -0.6550
   -0.8800
   -0.1500
    1.8650
    2.9250
    1.9150
    0.1650
   -0.3900
   -0.3700
   -0.2500
   -0.3100
   -0.2550
   -0.3150
   -0.2500
   -0.3050
   -0.2400
   -0.2900
   -0.2350
   -0.2850
   -0.2150
   -0.2600
   -0.2050
   -0.2350
   -0.1700
   -0.2000
   -0.1100
   -0.1450
   -0.0450
   -0.0550
    0.0100
    0.0050
    0.0900
    0.0550
    0.1000
    0.0250
    0.0400
   -0.0500
   -0.0400
   -0.1200
   -0.0800
   -0.1400
   -0.1000
   -0.1550
   -0.1150
   -0.1850
   -0.1450
   -0.1950
   -0.1450
   -0.2050
   -0.1450
   -0.1850
   -0.1350
   -0.1800
   -0.1150
   -0.1300
   -0.0450
   -0.0500
    0.0350
   -0.0150
    0.0600
   -0.0150
   -0.0500
   -0.1550
   -0.1350
   -0.2250
   -0.1900
   -0.2550
   -0.2150
   -0.2650
   -0.2200
   -0.4100
   -0.7650
   -0.7000
    0.7250
    2.6600
    2.6400
    0.7900
   -0.1900
   -0.4200
   -0.2700
   -0.3150
   -0.2750
   -0.3150
   -0.2750
   -0.3150
   -0.2550
   -0.3050
   -0.2550
   -0.2900
   -0.2350
   -0.2800
   -0.2250
   -0.2550
   -0.1900
   -0.2100
   -0.1500
   -0.1500
   -0.0700
   -0.0850
         0
   -0.0150
    0.0700
    0.0550
    0.1050
    0.0450
    0.0600
   -0.0250
   -0.0300
   -0.1200
   -0.0800
   -0.1550
   -0.1250
   -0.1700
   -0.1250
   -0.1900
   -0.1650
   -0.2050
   -0.1550
   -0.2050
   -0.1700
   -0.2250
   -0.1750
   -0.2200
   -0.1650
   -0.2100
   -0.1500
   -0.1600
   -0.0700
   -0.0650
    0.0300
   -0.0250
    0.0250
   -0.0250
   -0.0600
   -0.1650
   -0.1550
   -0.2250
   -0.2000
   -0.2650
   -0.2300
   -0.2850
   -0.2550
   -0.4100
   -0.7300
   -0.7300
    0.5500
    2.4700
    2.5900
    0.8650
   -0.2100
   -0.5100
   -0.3100
   -0.3350
   -0.3200
   -0.3500
   -0.3000
   -0.3450
   -0.3000
   -0.3400
   -0.2950
   -0.3450
   -0.2900
   -0.3300
   -0.2900
   -0.2950
   -0.2350
   -0.2650
   -0.2050
   -0.2200
   -0.1350
   -0.1300
   -0.0550
   -0.0700
    0.0100
    0.0100
    0.0500
    0.0100
    0.0150
   -0.0950
   -0.0800
   -0.1350
   -0.1450
   -0.2150
   -0.1850
   -0.2250
   -0.2000
   -0.2500
   -0.2200
   -0.2800
   -0.2400
   -0.2600
   -0.2150
   -0.2450
   -0.1850
   -0.2600
   -0.2350
   -0.2350
   -0.2000
   -0.1900
   -0.0750
   -0.0700
   -0.0200
   -0.0700
   -0.0300
   -0.1200
   -0.1300
   -0.1950
   -0.2100
   -0.2850
   -0.2800
   -0.3350
   -0.3000
   -0.3250
   -0.3050
   -0.5950
   -0.8950
   -0.4450
    1.3400
    2.8900
    2.2000
    0.3150
   -0.4700
   -0.5400
   -0.3450
   -0.3800
   -0.3400
   -0.3800
   -0.3400
   -0.3700
   -0.3450
   -0.3700
   -0.3150
   -0.3550
   -0.3350
   -0.3600
   -0.3050
   -0.3250
   -0.2800
   -0.2950
   -0.2400
   -0.2400
   -0.1750
   -0.1700
   -0.1100
   -0.1050
   -0.0300
   -0.0350
   -0.0050
   -0.0450
   -0.0400
   -0.1200
   -0.1400
   -0.2100
   -0.2050
   -0.2400
   -0.2150
   -0.2550
   -0.2350
   -0.2750
   -0.2500
   -0.2800
   -0.2400
   -0.2900
   -0.2350
   -0.2700
   -0.2300
   -0.2500
   -0.2200
   -0.2100
   -0.1250
   -0.1250
   -0.0550
   -0.0650
   -0.0200
   -0.0550
   -0.1100
   -0.1950
   -0.1950
   -0.2550
   -0.2350
   -0.2850
   -0.2650
   -0.3000
   -0.2850
   -0.3450
   -0.6800
   -0.9050
    0.0800
    2.0950
    2.9150
    1.5300
    0.0050
   -0.4950
   -0.3300
   -0.3100
   -0.2950
   -0.3150
   -0.2850
   -0.3100
   -0.2750
   -0.3000
   -0.2700
   -0.2700
   -0.2450
   -0.2650
   -0.2300
   -0.2500
   -0.1950
   -0.2050
   -0.1600
   -0.1550
   -0.0900
   -0.0750
   -0.0150
   -0.0100
    0.0700
    0.0700
    0.1050
    0.0700
    0.0700
    0.0150
   -0.0050
   -0.0750
   -0.0750
   -0.1050
   -0.1050
   -0.1350
   -0.1100
   -0.1550
   -0.1400
   -0.1700
   -0.1500
   -0.1800
   -0.1500
   -0.1750
   -0.1550
   -0.1650
   -0.1350
   -0.1500
   -0.0800
   -0.0700
    0.0050
    0.0250
    0.0550
    0.0350
    0.0550
   -0.0600
   -0.0800
   -0.1300
   -0.1500
   -0.1950
   -0.1850
   -0.2300
   -0.2050
   -0.2300
   -0.2750
   -0.6800
   -0.7800
    0.2550
    2.3300
    2.8400
    1.3200
   -0.0550
   -0.3650
   -0.2750
   -0.2200
   -0.2600
   -0.2250
   -0.2550
   -0.2300
   -0.2400
   -0.2200
   -0.2400
   -0.2050
   -0.2250
   -0.1950
   -0.2100
   -0.1700
   -0.1800
   -0.1450
   -0.1350
   -0.0800
   -0.0600
    0.0050
    0.0200
    0.0800
    0.0950
    0.1450
    0.1350
    0.1400
    0.0850
    0.0700
    0.0150
    0.0050
   -0.0450
   -0.0300
   -0.0650
   -0.0650
   -0.0950
   -0.0850
   -0.1250
   -0.1000
   -0.1300
   -0.0950
   -0.1250
   -0.1050
   -0.1250
   -0.1100
   -0.1250
   -0.0900
   -0.1050
   -0.0950
   -0.0850
   -0.0050
         0
    0.0550
    0.0700
    0.1100
    0.0800
    0.0350
   -0.0250
   -0.0550
   -0.1300
   -0.1400
   -0.1550
   -0.1450
   -0.1900
   -0.1650
   -0.2050
   -0.4950
   -0.8150
   -0.0950
    1.7500
    2.9400
    1.8950
    0.2150
   -0.3950
   -0.2900
   -0.2200
   -0.2200
   -0.2350
   -0.2100
   -0.2200
   -0.2200
   -0.2550
   -0.2150
   -0.2250
   -0.2100
   -0.2250
   -0.1850
   -0.1850
   -0.1450
   -0.1650
   -0.1250
   -0.1050
   -0.0500
   -0.0300
    0.0150
    0.0350
    0.0950
    0.1250
    0.1700
    0.1200
    0.1150
    0.0800
    0.0500
   -0.0150
   -0.0300
   -0.0700
   -0.0700
   -0.0900
   -0.0950
   -0.1300
   -0.1200
   -0.1400
   -0.1250
   -0.1500
   -0.1450
   -0.1600
   -0.1350
   -0.1450
   -0.1200
   -0.1400
   -0.1150
   -0.1400
   -0.1200
   -0.1050
   -0.0400
   -0.0050
    0.0650
    0.0600
    0.0550
    0.0100
   -0.0550
   -0.1050
   -0.1200
   -0.1700
   -0.1650
   -0.2000
   -0.2100
   -0.2500
   -0.2100
   -0.3450
   -0.7250
   -0.6950
    0.5900
    2.5900
    2.6700
    0.9050
   -0.1900
   -0.4650
   -0.3100
   -0.2950
   -0.2750
   -0.2850
   -0.2900
   -0.2850
   -0.2650
   -0.2800
   -0.2700
   -0.2650
   -0.2550
   -0.2600
   -0.2300
   -0.2150
   -0.1900
   -0.2000
   -0.1600
   -0.1300
   -0.0850
   -0.0750
   -0.0250
    0.0100
    0.0500
    0.0700
    0.0850
    0.0700
    0.0650
    0.0150
   -0.0150
   -0.0550
   -0.0800
   -0.1150
   -0.1200
   -0.1400
   -0.1300
   -0.1450
   -0.1450
   -0.1600
   -0.1450
   -0.1500
   -0.1300
   -0.1350
   -0.1200
   -0.1400
   -0.1200
   -0.1300
   -0.1100
   -0.0950
   -0.0500
   -0.0150
    0.0500
    0.0550
    0.0800
    0.0650
    0.0100
   -0.0650
   -0.1000
   -0.1400
   -0.1450
   -0.1750
   -0.1750
   -0.1950
   -0.1900
   -0.2300
   -0.5850
   -0.8100
    0.1000
    2.0750
    2.9350
    1.6250
    0.0850
   -0.3700
   -0.2650
   -0.2250
   -0.2200
   -0.2300
   -0.2250
   -0.2250
   -0.2050
   -0.2100
   -0.2050
   -0.2000
   -0.1850
   -0.1950
   -0.1750
   -0.1700
   -0.1450
   -0.1350
   -0.1100
   -0.0800
   -0.0450
   -0.0200
    0.0300
    0.0550
    0.0800
    0.1200
    0.1450
    0.1300
    0.1150
    0.0750
    0.0350
   -0.0100
   -0.0250
   -0.0550
   -0.0650
   -0.0850
   -0.0850
   -0.1000
   -0.1100
   -0.1250
   -0.1200
   -0.1350
   -0.1200
   -0.1250
   -0.1150
   -0.1300
   -0.1250
   -0.1250
   -0.1000
   -0.0750
   -0.0300
    0.0050
    0.0650
    0.0700
    0.0850
    0.0500
   -0.0300
   -0.0800
   -0.1050
   -0.1450
   -0.1600
   -0.1750
   -0.1800
   -0.1900
   -0.1850
   -0.3250
   -0.7100
   -0.6500
    0.6700
    2.6400
    2.6200
    0.8400
   -0.1800
   -0.3550
   -0.2400
   -0.2250
   -0.2400
   -0.2350
   -0.2300
   -0.2350
   -0.2250
   -0.2300
   -0.2150
   -0.2150
   -0.2050
   -0.1850
   -0.1650
   -0.1600
   -0.1350
   -0.1300
   -0.1050
   -0.0750
   -0.0350
    0.0050
    0.0500
    0.0800
    0.1100
    0.1300
    0.1400
    0.1200
    0.0950
    0.0550
    0.0050
   -0.0350
   -0.0450
   -0.0800
   -0.0900
   -0.0800
   -0.1050
   -0.1500
   -0.1350
   -0.1400
   -0.1500
   -0.1600
   -0.1650
   -0.1700
   -0.1550
   -0.1550
   -0.1650
   -0.1600
   -0.1300
   -0.1200
   -0.1100
   -0.0800
   -0.0150
    0.0350
    0.0350
    0.0300
    0.0400
   -0.0350
   -0.0800
   -0.1400
   -0.1850
   -0.2050
   -0.2000
   -0.2050
   -0.2100
   -0.2400
   -0.3500
   -0.7150
   -0.7100
    0.4750
    2.4600
    2.6350
    0.9850
   -0.1750
   -0.4650
   -0.3100
   -0.2750
   -0.3050
   -0.2800
   -0.2850
   -0.2850
   -0.2750
   -0.2550
   -0.2550
   -0.2550
   -0.2700
   -0.2500
   -0.2250
   -0.2100
   -0.1950
   -0.2050
   -0.1850
   -0.1350
   -0.0900
   -0.0600
   -0.0450
    0.0050
    0.0500
    0.0800
    0.0700
    0.0600
    0.0400
         0
   -0.0400
   -0.0650
   -0.1000
   -0.1300
   -0.1500
   -0.1600
   -0.1750
   -0.1900
   -0.1750
   -0.1600
   -0.1850
   -0.1950
   -0.1900
   -0.1850
   -0.1650
   -0.1600
   -0.1750
   -0.1500
   -0.1500
   -0.1600
   -0.1300
   -0.1050
   -0.0700
    0.0150
    0.0200
    0.0250
    0.0150
   -0.0650
   -0.1250
   -0.1650
   -0.1900
   -0.1900
   -0.2200
   -0.2250
   -0.2350
   -0.2350
   -0.3100
   -0.6800
   -0.7950
    0.2700
    2.2900
    2.7700
    1.2750
   -0.0700
   -0.4600
   -0.3200
   -0.2650
   -0.2800
   -0.2750
   -0.2700
   -0.2600
   -0.2550
   -0.2650
   -0.2550
   -0.2400
   -0.2400
   -0.2400
   -0.2250
   -0.2100
   -0.2000
   -0.1800
   -0.1550
   -0.1150
   -0.0900
   -0.0650
   -0.0350
   -0.0050
    0.0350
    0.0800
    0.0800
    0.0800
    0.0700
    0.0350
         0
   -0.0350
   -0.0650
   -0.0900
   -0.1050
   -0.1100
   -0.1250
   -0.1250
   -0.1250
   -0.1300
   -0.1200
   -0.1250
   -0.1300
   -0.1200
   -0.1050
   -0.1000
   -0.1000
   -0.1000
   -0.0950
   -0.0750
   -0.0400
   -0.0050
    0.0500
    0.0800
    0.0800
    0.0900
    0.0300
   -0.0400
   -0.0800
   -0.1150
   -0.1450
   -0.1550
   -0.1600
   -0.1750
   -0.1800
   -0.2000
   -0.4950
   -0.8050
   -0.1500
    1.6750
    2.9250
    1.9650
    0.2500
   -0.3200
   -0.2700
   -0.2050
   -0.2150
   -0.2100
   -0.2100
   -0.2150
   -0.2100
   -0.2150
   -0.2000
   -0.1850
   -0.1850
   -0.1800
   -0.1650
   -0.1500
   -0.1400
   -0.1150
   -0.1000
   -0.0750
   -0.0450
    0.0050
    0.0400
    0.0800
    0.1100
    0.1350
    0.1450
    0.1500
    0.1250
    0.1000
    0.0550
    0.0200
   -0.0050
   -0.0250
   -0.0350
   -0.0400
   -0.0450
   -0.0650
   -0.0850
   -0.0850
   -0.0800
   -0.0800
   -0.0900
   -0.0900
   -0.0950
   -0.0800
   -0.0800
   -0.0800
   -0.0800
   -0.0550
   -0.0350
    0.0050
    0.0600
    0.1150
    0.1250
    0.1350
    0.1200
    0.0300
   -0.0200
   -0.0550
   -0.0900
   -0.0950
   -0.1250
   -0.1300
   -0.1400
   -0.1350
   -0.2350
   -0.6200
   -0.6750
    0.4300
    2.4050
    2.7700
    1.1900
   -0.0400
   -0.3550
   -0.2150
   -0.1800
   -0.2000
   -0.1950
   -0.1900
   -0.2050
   -0.1950
   -0.1900
   -0.1800
   -0.1700
   -0.1700
   -0.1600
   -0.1350
   -0.1450
   -0.1250
   -0.1250
   -0.0800
   -0.0450
   -0.0050
    0.0200
    0.0650
    0.0850
    0.1350
    0.1550
    0.1650
    0.1450
    0.1200
    0.0700
    0.0500
         0
   -0.0450
   -0.0650
   -0.0500
   -0.0750
   -0.0950
   -0.1150
   -0.1100
   -0.1300
   -0.1150
   -0.1350
   -0.1400
   -0.1500
   -0.1400
   -0.1350
   -0.1100
   -0.1400
   -0.1450
   -0.1450
   -0.1000
   -0.0800
   -0.0350
    0.0200
    0.0500
    0.0500
    0.0650
   -0.0100
   -0.0600
   -0.1200
   -0.1600
   -0.1850
   -0.1950
   -0.2200
   -0.2100
   -0.2300
   -0.2400
   -0.5300
   -0.8300
   -0.2400
    1.6050
    2.8550
    1.9550
    0.2750
   -0.3950
   -0.3950
   -0.2650
   -0.2900
   -0.2650
   -0.2950
   -0.2950
   -0.3050
   -0.2650
   -0.2850
   -0.2900
   -0.2950
   -0.2750
   -0.2800
   -0.2400
   -0.2350
   -0.2150
   -0.2150
   -0.1700
   -0.1650
   -0.1250
   -0.1100
   -0.0600
   -0.0400
    0.0100
         0
    0.0100
   -0.0150
   -0.0100
   -0.0650
   -0.0900
   -0.1350
   -0.1450
   -0.1700
   -0.1700
   -0.2000
   -0.2000
   -0.2250
   -0.2050
   -0.2200
   -0.2050
   -0.2250
   -0.2000
   -0.2100
   -0.1900
   -0.2100
   -0.1950
   -0.2150
   -0.1900
   -0.1900
   -0.1400
   -0.1100
   -0.0500
   -0.0400
   -0.0150
   -0.0250
   -0.0400
   -0.1450
   -0.1750
   -0.2350
   -0.2400
   -0.2750
   -0.2600
   -0.2900
   -0.2750
   -0.3000
   -0.4900
   -0.8800
   -0.5000
    1.0550
    2.7550
    2.2100
    0.4450
   -0.3650
   -0.4000
   -0.3100
   -0.2950
   -0.3350
   -0.3050
   -0.3250
   -0.2900
   -0.3250
   -0.2850
   -0.3100
   -0.2750
   -0.2850
   -0.2650
   -0.2750
   -0.2350
   -0.2450
   -0.2100
   -0.2050
   -0.1500
   -0.1500
   -0.1000
   -0.0900
   -0.0400
   -0.0350
    0.0250
   -0.0050
    0.0050
   -0.0450
   -0.0550
   -0.1250
   -0.1250
   -0.1750
   -0.1650
   -0.2050
   -0.1950
   -0.2350
   -0.2150
   -0.2400
   -0.2150
   -0.2400
   -0.2200
   -0.2400
   -0.2100
   -0.2350
   -0.2050
   -0.2350
   -0.2100
   -0.2300
   -0.2050
   -0.2350
   -0.1950
   -0.1950
   -0.1300
   -0.1250
   -0.0350
   -0.0500
   -0.0100
   -0.0500
   -0.0950
   -0.1850
   -0.1900
   -0.2400
   -0.2350
   -0.2900
   -0.2650
   -0.2950
   -0.2650
   -0.3400
   -0.6700
   -0.9050
    0.0250
    1.9450
    2.7400
    1.4150
    0.0050
   -0.4500
   -0.3250
   -0.3150
   -0.2950
   -0.3300
   -0.2900
   -0.3150
   -0.2850
   -0.3150
   -0.2800
   -0.3050
   -0.2500
   -0.2700
   -0.2300
   -0.2550
   -0.2100
   -0.2250
   -0.1700
   -0.1700
   -0.1100
   -0.1150
   -0.0500
   -0.0550
    0.0150
    0.0050
    0.0700
    0.0300
    0.0450
   -0.0200
   -0.0150
   -0.0800
   -0.0650
   -0.1250
   -0.1000
   -0.1500
   -0.1150
   -0.1600
   -0.1350
   -0.1750
   -0.1400
   -0.1800
   -0.1450
   -0.1750
   -0.1300
   -0.1700
   -0.1300
   -0.1650
   -0.1300
   -0.1750
   -0.1400
   -0.1700
   -0.1300
   -0.1650
   -0.1250
   -0.1550
   -0.1050
   -0.1350
   -0.0550
   -0.0450
    0.0550
    0.0350
    0.0850
    0.0500
    0.0150
   -0.0900
   -0.0850
   -0.1650
   -0.1300
   -0.1950
   -0.1650
   -0.2050
   -0.1650
   -0.2450
   -0.5500
   -0.8200
    0.0650
    1.9250
    2.8050
    1.5900
    0.1650
   -0.3550
   -0.2450
   -0.2350
   -0.2000
   -0.2450
   -0.1950
   -0.2300
   -0.1950
   -0.2400
   -0.1850
   -0.2200
   -0.1650
   -0.2050
   -0.1400
   -0.1650
   -0.1200
   -0.1450
   -0.0700
   -0.1000
   -0.0300
   -0.0450
    0.0250
         0
    0.0900
    0.0800
    0.1450
    0.0900
    0.1350
    0.0800
    0.0750
   -0.0150
    0.0200
   -0.0350
   -0.0200
   -0.0900
   -0.0650
   -0.1350
   -0.0750
   -0.1300
   -0.0900
   -0.1250
   -0.0750
   -0.1200
   -0.0600
   -0.1200
   -0.0750
   -0.1150
   -0.0700
   -0.1250
   -0.0750
   -0.1200
   -0.0700
   -0.1100
   -0.0600
   -0.1100
   -0.0750
   -0.1350
   -0.0750
   -0.1100
   -0.0550
   -0.1050
   -0.0550
   -0.1050
   -0.0650
   -0.1000
   -0.0350
   -0.0750
    0.0250
    0.0150
    0.1150
    0.1050
    0.1700
    0.1050
    0.0900
   -0.0150
   -0.0200
   -0.1000
   -0.0700
   -0.1350
   -0.1100
   -0.1650
   -0.1150
   -0.3950
   -0.6900
   -0.3500
    1.3350
    2.8500
    2.2950
    0.5500
   -0.2100
   -0.3600
   -0.1650
   -0.2100
   -0.1500
   -0.2050
   -0.1500
   -0.2100
   -0.1650
   -0.2050
   -0.1400
   -0.1850
   -0.1200
   -0.1650
   -0.1050
   -0.1400
   -0.0800
   -0.1200
   -0.0400
   -0.0750
   -0.0050
   -0.0350
    0.0350
    0.0050
    0.0850
    0.0600
    0.1450
    0.0900
    0.1450
    0.0750
    0.1050
    0.0200
    0.0450
   -0.0400
   -0.0100
   -0.0800
   -0.0300
   -0.0950
   -0.0400
   -0.0900
   -0.0200
   -0.0700
   -0.0050
   -0.0500
    0.0100
   -0.0500
    0.0100
   -0.0600
   -0.0100
   -0.0700
   -0.0100
   -0.0700
   -0.0200
   -0.0750
   -0.0100
   -0.0700
   -0.0150
   -0.0750
   -0.0100
   -0.0700
   -0.0100
   -0.0550
    0.0400
    0.0300
    0.1250
    0.1150
    0.1850
    0.1450
    0.1850
    0.0450
    0.0550
   -0.0450
   -0.0150
   -0.0900
   -0.0550
   -0.1300
   -0.0700
   -0.1600
   -0.4300
   -0.7650
    0.0650
    1.8950
    2.9750
    1.8600
    0.3750
   -0.2550
   -0.1650
   -0.1550
   -0.1050
   -0.1700
   -0.1000
   -0.1500
   -0.0950
   -0.1550
   -0.0850
   -0.1350
   -0.0650
   -0.1250
   -0.0450
   -0.0950
   -0.0250
   -0.0750
    0.0100
   -0.0300
    0.0550
    0.0100
    0.1100
    0.0750
    0.1600
    0.1150
    0.2100
    0.1450
    0.2100
    0.1300
    0.1700
    0.0650
    0.1000
    0.0100
    0.0550
   -0.0300
    0.0200
   -0.0500
    0.0050
   -0.0700
    0.0050
   -0.0550
    0.0100
   -0.0500
    0.0150
   -0.0400
    0.0250
   -0.0400
    0.0250
   -0.0500
    0.0150
   -0.0500
    0.0150
   -0.0500
    0.0200
   -0.0450
    0.0150
   -0.0500
    0.0250
   -0.0400
    0.0400
    0.0150
    0.1350
    0.1050
    0.2100
    0.1500
    0.2150
    0.1000
    0.0950
   -0.0200
    0.0100
   -0.0800
   -0.0350
   -0.1200
   -0.0550
   -0.1250
   -0.1750
   -0.6400
   -0.5800
    0.5350
    2.5750
    2.7150
    1.2000
    0.0050
   -0.2250
   -0.2000
   -0.1100
   -0.1950
   -0.1150
   -0.1900
   -0.1200
   -0.1850
   -0.1150
   -0.1800
   -0.1050
   -0.1700
   -0.0900
   -0.1500
   -0.0700
   -0.1250
   -0.0350
   -0.0800
    0.0150
   -0.0250
    0.0800
    0.0300
    0.1350
    0.0950
    0.1900
    0.1300
    0.2050
    0.1150
    0.1550
    0.0550
    0.0850
   -0.0250
    0.0300
   -0.0550
    0.0050
   -0.0800
   -0.0200
   -0.0950
   -0.0350
   -0.1000
   -0.0250
   -0.0950
   -0.0100
   -0.0800
   -0.0050
   -0.0800
   -0.0150
   -0.0950
   -0.0250
   -0.0950
   -0.0150
   -0.0950
   -0.0200
   -0.0900
   -0.0200
   -0.0900
   -0.0050
   -0.0700
    0.0450
    0.0200
    0.1300
    0.1000
    0.1850
    0.1200
    0.1650
    0.0100
    0.0350
   -0.0750
   -0.0250
   -0.1200
   -0.0550
   -0.1400
   -0.0800
   -0.1900
   -0.4700
   -0.7800
    0.1250
    1.9550
    2.8700
    1.6300
    0.2700
   -0.2850
   -0.1550
   -0.1850
   -0.1250
   -0.1950
   -0.1150
   -0.1850
   -0.1100
   -0.1800
   -0.1100
   -0.1750
   -0.1000
   -0.1650
   -0.0750
   -0.1400
   -0.0600
   -0.1250
   -0.0300
   -0.0800
    0.0150
   -0.0300
    0.0800
    0.0300
    0.1300
    0.0800
    0.1800
    0.1050
    0.1650
    0.0700
    0.1100
         0
    0.0450
   -0.0600
    0.0100
   -0.0800
   -0.0150
   -0.1050
   -0.0300
   -0.1050
   -0.0350
   -0.1150
   -0.0350
   -0.1050
   -0.0300
   -0.1000
   -0.0200
   -0.1000
   -0.0300
   -0.1000
   -0.0250
   -0.1150
   -0.0400
   -0.1150
   -0.0400
   -0.1150
   -0.0350
   -0.1000
   -0.0250
   -0.0750
    0.0550
    0.0250
    0.1500
    0.0850
    0.1800
    0.1050
    0.1050
   -0.0300
   -0.0050
   -0.1150
   -0.0500
   -0.1450
   -0.0850
   -0.1700
   -0.0900
   -0.3450
   -0.6600
   -0.5250
    0.9550
    2.6650
    2.4450
    0.6750
   -0.1050
   -0.3350
   -0.1400
   -0.2150
   -0.1450
   -0.2150
   -0.1400
   -0.2050
   -0.1250
   -0.2000
   -0.1250
   -0.1900
   -0.1050
   -0.1700
   -0.0650
   -0.1400
   -0.0600
   -0.1150
   -0.0150
   -0.0450
    0.0550
    0.0050
    0.1150
    0.0800
    0.1750
    0.1300
    0.2200
    0.1350
    0.1850
    0.0800
    0.1200
   -0.0050
    0.0400
   -0.0500
    0.0150
   -0.0800
   -0.0200
   -0.1100
   -0.0350
   -0.1150
   -0.0400
   -0.1150
   -0.0300
   -0.1050
   -0.0250
   -0.1000
   -0.0250
   -0.1000
   -0.0200
   -0.1000
   -0.0250
   -0.1100
   -0.0400
   -0.1100
   -0.0350
   -0.0900
    0.0250
   -0.0100
    0.1100
    0.0650
    0.1650
    0.0900
    0.1350
   -0.0200
         0
   -0.1100
   -0.0550
   -0.1500
   -0.0900
   -0.1750
   -0.1050
   -0.2050
   -0.4550
   -0.8000
    0.0200
    1.8000
    2.8250
    1.7000
    0.3150
   -0.3450
   -0.2400
   -0.2200
   -0.1600
   -0.2300
   -0.1550
   -0.2250
   -0.1450
   -0.2300
   -0.1450
   -0.2050
   -0.1250
   -0.1900
   -0.0950
   -0.1700
   -0.0700
   -0.1300
   -0.0350
   -0.0850
    0.0150
   -0.0300
    0.0800
    0.0300
    0.1350
    0.0850
    0.1800
    0.1050
    0.1750
    0.0850
    0.1250
    0.0100
    0.0550
   -0.0400
    0.0200
   -0.0750
   -0.0200
   -0.1050
   -0.0350
   -0.1150
   -0.0350
   -0.1200
   -0.0350
   -0.1050
   -0.0300
   -0.1000
   -0.0300
   -0.1050
   -0.0300
   -0.1100
   -0.0300
   -0.1050
   -0.0150
   -0.0550
    0.0550
    0.0350
    0.1550
    0.0750
    0.1500
    0.0400
    0.0450
   -0.0900
   -0.0450
   -0.1450
   -0.0900
   -0.1900
   -0.1150
   -0.1950
   -0.1200
   -0.4250
   -0.7100
   -0.4050
    1.2300
    2.7450
    2.2600
    0.4850
   -0.1650
   -0.3250
   -0.1650
   -0.2400
   -0.1650
   -0.2300
   -0.1600
   -0.2400
   -0.1550
   -0.2250
   -0.1450
   -0.2250
   -0.1350
   -0.2100
   -0.1150
   -0.1850
   -0.0800
   -0.1400
   -0.0500
   -0.0900
    0.0150
   -0.0350
    0.0950
    0.0450
    0.1500
    0.0900
    0.1650
    0.0700
    0.1200
    0.0050
    0.0450
   -0.0750
   -0.0200
   -0.1100
   -0.0400
   -0.1300
   -0.0650
   -0.1500
   -0.0850
   -0.1650
   -0.0850
   -0.1700
   -0.0900
   -0.1650
   -0.0900
   -0.1650
   -0.0850
   -0.1650
   -0.0850
   -0.1650
   -0.0800
   -0.1500
   -0.0550
   -0.0950
    0.0250
    0.0050
    0.1050
    0.0400
    0.1100
   -0.0400
   -0.0200
   -0.1350
   -0.0950
   -0.1900
   -0.1350
   -0.2300
   -0.1650
   -0.2400
   -0.1750
   -0.5200
   -0.7800
   -0.3300
    1.4050
    2.6900
    2.0300
    0.3150
   -0.2500
   -0.3650
   -0.2050
   -0.2950
   -0.2200
   -0.2900
   -0.2050
   -0.2850
   -0.2050
   -0.2750
   -0.1950
   -0.2700
   -0.1850
   -0.2500
   -0.1600
   -0.2250
   -0.1250
   -0.1950
   -0.0850
   -0.1300
   -0.0250
   -0.0650
    0.0450
         0
    0.1100
    0.0500
    0.1250
    0.0400
    0.0850
   -0.0400
   -0.0050
   -0.1150
   -0.0500
   -0.1450
   -0.0800
   -0.1700
   -0.1050
   -0.1900
   -0.1200
   -0.1950
   -0.1200
   -0.1950
   -0.1250
   -0.2050
   -0.1300
   -0.1950
   -0.1100
   -0.1900
   -0.1300
   -0.2100
   -0.1250
   -0.2000
   -0.1200
   -0.2000
   -0.1050
   -0.1850
   -0.0750
   -0.1200
    0.0100
   -0.0250
    0.0650
   -0.0100
    0.0350
   -0.1150
   -0.0750
   -0.1950
   -0.1450
   -0.2300
   -0.1750
   -0.2600
   -0.1850
   -0.2650
   -0.3100
   -0.7750
   -0.6700
    0.4550
    2.4550
    2.4700
    0.9300
   -0.1900
   -0.3650
   -0.3350
   -0.2350
   -0.3250
   -0.2300
   -0.3100
   -0.2350
   -0.3000
   -0.2250
   -0.3000
   -0.2100
   -0.2800
   -0.1950
   -0.2650
   -0.1650
   -0.2400
   -0.1450
   -0.2050
   -0.1000
   -0.1500
   -0.0400
   -0.0850
    0.0200
   -0.0300
    0.0800
    0.0050
    0.0800
   -0.0150
    0.0250
   -0.0950
   -0.0500
   -0.1550
   -0.0950
   -0.1850
   -0.1150
   -0.2000
   -0.1350
   -0.2150
   -0.1400
   -0.2250
   -0.1500
   -0.2250
   -0.1450
   -0.2250
   -0.1350
   -0.2150
   -0.1400
   -0.2150
   -0.1400
   -0.2200
   -0.1350
   -0.2200
   -0.1450
   -0.2100
   -0.1350
   -0.2100
   -0.1350
   -0.2050
   -0.1200
   -0.1850
   -0.0750
   -0.1050
    0.0300
   -0.0250
    0.0600
   -0.0100
    0.0050
   -0.1350
   -0.1050
   -0.2150
   -0.1550
   -0.2600
   -0.1950
   -0.2800
   -0.1950
   -0.2950
   -0.5000
   -0.8950
   -0.2500
    1.4100
    2.7650
    1.8550
    0.3250
   -0.3850
   -0.3300
   -0.3250
   -0.2650
   -0.3350
   -0.2500
   -0.3200
   -0.2450
   -0.3250
   -0.2400
   -0.3150
   -0.2250
   -0.2950
   -0.2050
   -0.2850
   -0.1850
   -0.2350
   -0.1450
   -0.2050
   -0.1000
   -0.1500
   -0.0450
   -0.0900
    0.0250
   -0.0250
    0.0800
         0
    0.0800
   -0.0300
    0.0150
   -0.1050
   -0.0600
   -0.1500
   -0.0900
   -0.1850
   -0.1200
   -0.2100
   -0.1450
   -0.2250
   -0.1550
   -0.2250
   -0.1300
   -0.2150
   -0.1450
   -0.2200
   -0.1200
   -0.2000
   -0.1400
   -0.2150
   -0.1300
   -0.2100
   -0.1400
   -0.2050
   -0.1150
   -0.1900
   -0.0750
   -0.1100
    0.0250
   -0.0250
    0.0650
   -0.0150
   -0.0150
   -0.1300
   -0.0900
   -0.2050
   -0.1550
   -0.2400
   -0.1900
   -0.2750
   -0.1950
   -0.2650
   -0.4400
   -0.8700
   -0.3450
    1.2000
    2.7450
    2.0100
    0.4450
   -0.3700
   -0.3900
   -0.3350
   -0.2600
   -0.3300
   -0.2350
   -0.3050
   -0.2250
   -0.3050
   -0.2250
   -0.2950
   -0.2150
   -0.2700
   -0.1750
   -0.2550
   -0.1650
   -0.2200
   -0.1050
   -0.1800
   -0.0750
   -0.1100
    0.0100
   -0.0450
    0.0550
    0.0150
    0.1200
    0.0500
    0.1100
   -0.0100
    0.0300
   -0.1050
   -0.0650
   -0.1600
   -0.1050
   -0.2000
   -0.1350
   -0.2300
   -0.1600
   -0.2450
   -0.1600
   -0.2300
   -0.1500
   -0.2250
   -0.1350
   -0.2100
   -0.1200
   -0.1950
   -0.1250
   -0.2000
   -0.1200
   -0.1950
   -0.1100
   -0.1850
   -0.0900
   -0.1200
    0.0050
   -0.0150
    0.0800
    0.0100
    0.0700
   -0.0900
   -0.0550
   -0.1700
   -0.1250
   -0.2200
   -0.1600
   -0.2400
   -0.1750
   -0.2400
   -0.2100
   -0.6450
   -0.7750
    0.0150
    2.0200
    2.7550
    1.6150
    0.0850
   -0.3600
   -0.3900
   -0.2150
   -0.3100
   -0.2200
   -0.2900
   -0.2050
   -0.2800
   -0.1950
   -0.2700
   -0.1800
   -0.2450
   -0.1650
   -0.2300
   -0.1400
   -0.2100
   -0.1150
   -0.1650
   -0.0600
   -0.1050
    0.0050
   -0.0450
    0.0800
    0.0400
    0.1400
    0.0700
    0.1550
    0.0450
    0.0800
   -0.0300
    0.0250
   -0.0950
   -0.0450
   -0.1300
   -0.0700
   -0.1750
   -0.1000
   -0.1900
   -0.1050
   -0.1800
   -0.0900
   -0.1500
   -0.0550
   -0.1400
   -0.0650
   -0.1500
   -0.0750
   -0.1450
   -0.0500
   -0.1300
   -0.0500
   -0.1250
   -0.0050
   -0.0400
    0.1100
    0.0500
    0.1300
    0.0700
    0.0800
   -0.1050
   -0.0550
   -0.1450
   -0.0850
   -0.1900
   -0.1250
   -0.2050
   -0.1250
   -0.2450
   -0.4550
   -0.8250
   -0.1300
    1.6050
    2.9750
    1.9850
    0.3750
   -0.3900
   -0.3100
   -0.2750
   -0.2150
   -0.2800
   -0.2000
   -0.2600
   -0.1700
   -0.2750
   -0.2000
   -0.2650
   -0.1700
   -0.2350
   -0.1650
   -0.2350
   -0.1250
   -0.2150
   -0.0900
   -0.0800
   -0.0050
   -0.0700
    0.0450
    0.0150
    0.1500
    0.0950
    0.2050
    0.1100
    0.1550
   -0.0050
    0.0150
   -0.1050
   -0.0450
   -0.1600
   -0.0950
   -0.1700
   -0.1200
   -0.2450
   -0.1450
   -0.2300
   -0.1550
   -0.2550
   -0.1800
   -0.2400
   -0.1450
   -0.2400
   -0.1550
   -0.1950
   -0.1150
   -0.1850
   -0.0400
   -0.0850
    0.0400
   -0.0250
    0.0650
   -0.0350
   -0.0350
   -0.1750
   -0.1200
   -0.2500
   -0.2050
   -0.3100
   -0.2250
   -0.2900
   -0.2150
   -0.4400
   -0.7150
   -0.8100
    0.5200
    2.6050
    2.9050
    1.0200
   -0.2000
   -0.6200
   -0.4000
   -0.4200
   -0.3600
   -0.4250
   -0.3400
   -0.4200
   -0.3600
   -0.4400
   -0.3300
   -0.4150
   -0.3200
   -0.4100
   -0.3450
   -0.4000
   -0.2850
   -0.3450
   -0.2250
   -0.2750
   -0.1650
   -0.2050
   -0.0750
   -0.1000
    0.0350
   -0.0400
    0.0450
   -0.0600
    0.0050
   -0.1150
   -0.1150
   -0.2350
   -0.1650
   -0.2750
   -0.2100
   -0.2950
   -0.2100
   -0.2900
   -0.2350
   -0.3250
   -0.2100
   -0.3150
   -0.2550
   -0.3400
   -0.2300
   -0.2650
   -0.1500
   -0.2050
   -0.0750
   -0.0950
    0.0150
   -0.0800
   -0.0200
   -0.1800
   -0.1450
   -0.2700
   -0.2400
   -0.3450
   -0.2600
   -0.3650
   -0.2950
   -0.3900
   -0.4450
   -0.9100
   -0.7250
    0.6400
    2.8500
    2.7000
    0.8250
   -0.4650
   -0.5900
   -0.4700
   -0.3450
   -0.4250
   -0.3400
   -0.4150
   -0.3300
   -0.4150
   -0.3250
   -0.4000
   -0.3150
   -0.4000
   -0.3050
   -0.3850
   -0.2600
   -0.3200
   -0.2050
   -0.2750
   -0.1650
   -0.1850
   -0.0550
   -0.1050
    0.0400
   -0.0150
    0.0950
    0.0050
    0.0600
   -0.0450
   -0.0100
   -0.1750
   -0.1100
   -0.2250
   -0.1550
   -0.2350
   -0.1500
   -0.2650
   -0.1800
   -0.2650
   -0.1950
   -0.3000
   -0.2000
   -0.2900
   -0.1900
   -0.2400
   -0.1050
   -0.1450
   -0.0100
   -0.0500
    0.0450
   -0.0350
    0.0450
   -0.1550
   -0.1250
   -0.2400
   -0.1750
   -0.2850
   -0.2200
   -0.3150
   -0.2150
   -0.3150
   -0.4150
   -0.9050
   -0.5200
    1.0700
    3.1600
    2.6400
    0.6700
   -0.3700
   -0.3650
   -0.3350
   -0.2550
   -0.3500
   -0.2400
   -0.3350
   -0.2400
   -0.3300
   -0.2400
   -0.3100
   -0.2100
   -0.2900
   -0.1900
   -0.2750
   -0.1650
   -0.2350
   -0.1300
   -0.1900
   -0.0450
   -0.0750
    0.0650
    0.0100
    0.1500
    0.1050
    0.2150
    0.1100
    0.1750
    0.0250
    0.0650
   -0.0750
   -0.0150
   -0.1250
   -0.0350
   -0.1350
   -0.0500
   -0.1500
   -0.0700
   -0.1900
   -0.1100
   -0.2100
   -0.1150
   -0.1950
   -0.1000
   -0.1800
   -0.0750
   -0.1450
    0.0050
   -0.0450
    0.0950
    0.0250
    0.1150
    0.0300
    0.1000
   -0.0800
   -0.0450
   -0.1750
   -0.1250
   -0.2200
   -0.1350
   -0.2400
   -0.1600
   -0.2700
   -0.4950
   -0.9050
   -0.0800
    1.7950
    3.1750
    2.0100
    0.2850
   -0.4100
   -0.2700
   -0.2900
   -0.2000
   -0.3200
   -0.2250
   -0.3000
   -0.2250
   -0.3150
   -0.2050
   -0.2950
   -0.2000
   -0.2800
   -0.1600
   -0.2400
   -0.1550
   -0.2300
   -0.0850
   -0.1600
    0.0050
   -0.0350
    0.0850
    0.0450
    0.2100
    0.1400
    0.2100
    0.0800
    0.1250
   -0.0250
    0.0550
   -0.1050
   -0.0800
   -0.1850
   -0.0700
   -0.1950
   -0.1250
   -0.2350
   -0.1400
   -0.2400
   -0.1550
   -0.2550
   -0.1750
   -0.2950
   -0.2000
   -0.2750
   -0.1650
   -0.2600
   -0.1200
   -0.1800
   -0.0600
   -0.1050
    0.0100
   -0.0750
    0.0300
   -0.1200
   -0.0900
   -0.2350
   -0.1950
   -0.3000
   -0.2050
   -0.3350
   -0.2400
   -0.3300
   -0.2850
   -0.7750
   -0.8450
    0.0150
    2.1550
    2.9000
    1.6550
   -0.0900
   -0.4900
   -0.4700
   -0.3000
   -0.4100
   -0.2950
   -0.3900
   -0.2900
   -0.4000
   -0.3200
   -0.3950
   -0.2950
   -0.3900
   -0.2650
   -0.3500
   -0.2650
   -0.3550
   -0.2200
   -0.2900
   -0.1450
   -0.1950
   -0.0500
   -0.0950
    0.0550
    0.0150
    0.1400
    0.0450
    0.1000
   -0.0550
   -0.0100
   -0.1700
   -0.1250
   -0.2250
   -0.1550
   -0.2650
   -0.1750
   -0.2950
   -0.2100
   -0.3200
   -0.2400
   -0.3250
   -0.2100
   -0.3250
   -0.2350
   -0.3450
   -0.2400
   -0.3150
   -0.2150
   -0.3000
   -0.1300
   -0.1750
   -0.0500
   -0.1350
   -0.0350
   -0.1350
   -0.0850
   -0.2550
   -0.1950
   -0.3300
   -0.2600
   -0.3650
   -0.2900
   -0.4000
   -0.3100
   -0.4300
   -0.6450
   -1.0150
   -0.0750
    1.8950
    3.0600
    1.6650
   -0.0400
   -0.7050
   -0.4600
   -0.4550
   -0.3950
   -0.4500
   -0.3450
   -0.4400
   -0.3300
   -0.4300
   -0.3350
   -0.4450
   -0.3400
   -0.4100
   -0.3100
   -0.4000
   -0.2700
   -0.3500
   -0.2400
   -0.3000
   -0.1400
   -0.2000
   -0.0550
   -0.0850
    0.0800
    0.0150
    0.1200
   -0.0050
    0.0450
   -0.1000
   -0.0700
   -0.2150
   -0.1500
   -0.2700
   -0.1750
   -0.2650
   -0.1850
   -0.3000
   -0.2150
   -0.3250
   -0.2200
   -0.3100
   -0.2300
   -0.3250
   -0.2050
   -0.3000
   -0.1950
   -0.2400
   -0.0950
   -0.1500
   -0.0150
   -0.0750
    0.0250
   -0.0650
   -0.0050
   -0.1800
   -0.1250
   -0.2550
   -0.1900
   -0.3050
   -0.2150
   -0.3100
   -0.2200
   -0.3150
   -0.4400
   -0.9250
   -0.4500
    1.1750
    3.1650
    2.5050
    0.5800
   -0.4000
   -0.3550
   -0.3250
   -0.2400
   -0.3350
   -0.2350
   -0.3300
   -0.2400
   -0.3350
   -0.2200
   -0.3150
   -0.2200
   -0.3000
   -0.1900
   -0.2800
   -0.1750
   -0.2400
   -0.1100
   -0.1700
   -0.0350
   -0.0800
    0.0700
    0.0200
    0.1650
    0.1100
    0.2400
    0.1150
    0.1750
    0.0350
    0.0750
   -0.0650
    0.0050
   -0.1100
   -0.0200
   -0.1300
   -0.0400
   -0.1550
   -0.0600
   -0.1750
   -0.0800
   -0.1850
   -0.0950
   -0.1850
   -0.0850
   -0.1850
   -0.0800
   -0.1600
   -0.0350
   -0.0800
    0.0500
   -0.0050
    0.1300
    0.0400
    0.1400
    0.0150
    0.0250
   -0.1100
   -0.0400
   -0.1850
   -0.0950
   -0.2150
   -0.1250
   -0.2200
   -0.1200
   -0.4350
   -0.7400
   -0.4900
    1.2500
    3.0400
    2.6700
    0.6500
   -0.1300
   -0.3350
   -0.1450
   -0.2400
   -0.1650
   -0.2700
   -0.1850
   -0.2850
   -0.1650
   -0.2600
   -0.1550
   -0.2500
   -0.1600
   -0.2500
   -0.1400
   -0.2150
   -0.1050
   -0.1750
   -0.0400
   -0.1000
    0.0550
   -0.0050
    0.1350
    0.0950
    0.2350
    0.1300
    0.2050
    0.0800
    0.0950
   -0.0550
    0.0250
   -0.1150
   -0.0450
   -0.1750
   -0.0900
   -0.1750
   -0.1050
   -0.2350
   -0.1300
   -0.2350
   -0.1500
   -0.2700
   -0.1750
   -0.2400
   -0.1450
   -0.2600
   -0.1500
   -0.2300
   -0.1400
   -0.2400
   -0.1250
   -0.2050
   -0.0650
   -0.1000
    0.0400
   -0.0550
    0.0700
   -0.0700
   -0.0550
   -0.1900
   -0.1300
   -0.2650
   -0.1650
   -0.2850
   -0.2150
   -0.2950
   -0.2050
   -0.4100
   -0.6950
   -0.8400
    0.4500
    2.4700
    2.9250
    1.1400
   -0.1150
   -0.5750
   -0.3300
   -0.3800
   -0.2950
   -0.3950
   -0.2900
   -0.3500
   -0.2700
   -0.3850
   -0.2750
   -0.3800
   -0.2950
   -0.3750
   -0.2400
   -0.3500
   -0.2550
   -0.3050
   -0.1750
   -0.2400
   -0.0800
   -0.1500
    0.0050
   -0.0350
    0.1000
    0.0250
    0.1250
    0.0150
    0.0500
   -0.0800
   -0.0500
   -0.2100
   -0.1350
   -0.2500
   -0.1800
   -0.2700
   -0.1700
   -0.3000
   -0.2200
   -0.3350
   -0.2200
   -0.3250
   -0.2300
   -0.3050
   -0.2250
   -0.3250
   -0.1950
   -0.3100
   -0.2050
   -0.3000
   -0.2000
   -0.2400
   -0.0900
   -0.1400
   -0.0250
   -0.1150
   -0.0350
   -0.2050
   -0.1750
   -0.3000
   -0.2550
   -0.3600
   -0.2650
   -0.3900
   -0.2950
   -0.3800
   -0.3250
   -0.7350
   -0.9050
   -0.2000
    1.9200
    2.9150
    1.7950
   -0.1000
   -0.5550
   -0.5300
   -0.3400
   -0.4500
   -0.3450
   -0.4250
   -0.3200
   -0.4150
   -0.3200
   -0.4200
   -0.3250
   -0.4100
   -0.2950
   -0.3850
   -0.2900
   -0.3700
   -0.2450
   -0.3000
   -0.1750
   -0.2200
   -0.0800
   -0.1450
    0.0050
   -0.0350
    0.0950
    0.0050
    0.0900
   -0.0250
    0.0350
   -0.1350
   -0.0650
   -0.1950
   -0.1250
   -0.2200
   -0.1300
   -0.2300
   -0.1550
   -0.2650
   -0.1700
   -0.2700
   -0.1750
   -0.2750
   -0.1800
   -0.2650
   -0.1750
   -0.2600
   -0.1500
   -0.2400
   -0.1550
   -0.2450
   -0.1350
   -0.2200
   -0.1050
   -0.1650
   -0.0050
   -0.0650
    0.0300
   -0.0550
    0.0150
   -0.1700
   -0.1100
   -0.2350
   -0.1650
   -0.2750
   -0.1950
   -0.3050
   -0.2150
   -0.3100
   -0.3950
   -0.8750
   -0.5450
    0.9100
    3.0000
    2.6400
    0.8100
   -0.2900
   -0.3450
   -0.3250
   -0.2350
   -0.3400
   -0.2400
   -0.3350
   -0.2400
   -0.3400
   -0.2400
   -0.3300
   -0.2300
   -0.3300
   -0.2100
   -0.2950
   -0.1900
   -0.2750
   -0.1700
   -0.2200
   -0.0800
   -0.1400
    0.0050
   -0.0650
    0.0850
    0.0200
    0.1500
    0.0550
    0.1350
   -0.0050
    0.0450
   -0.1050
   -0.0400
   -0.1650
   -0.0900
   -0.1900
   -0.1000
   -0.2100
   -0.1200
   -0.2250
   -0.1350
   -0.2300
   -0.1350
   -0.2500
   -0.1500
   -0.2400
   -0.1300
   -0.2350
   -0.1300
   -0.2250
   -0.1100
   -0.2100
   -0.1050
   -0.1700
   -0.0350
   -0.0800
    0.0850
   -0.0350
    0.0500
   -0.0700
   -0.0400
   -0.1950
   -0.1250
   -0.2500
   -0.1650
   -0.2950
   -0.2050
   -0.2850
   -0.2050
   -0.5500
   -0.8050
   -0.4900
    1.2100
    2.8200
    2.4400
    0.4800
   -0.3050
   -0.4750
   -0.2700
   -0.3800
   -0.2550
   -0.3600
   -0.2800
   -0.3650
   -0.2650
   -0.3600
   -0.2400
   -0.3500
   -0.2600
   -0.3550
   -0.2250
   -0.3000
   -0.2200
   -0.2900
   -0.1300
   -0.2050
   -0.0800
   -0.1100
    0.0400
   -0.0250
    0.1200
    0.0300
    0.1350
   -0.0050
    0.0300
   -0.0950
   -0.0350
   -0.1900
   -0.1250
   -0.2300
   -0.1450
   -0.2600
   -0.1650
   -0.2750
   -0.1850
   -0.2850
   -0.2100
   -0.3250
   -0.2050
   -0.3000
   -0.2000
   -0.2800
   -0.1850
   -0.2700
   -0.1750
   -0.2700
   -0.1400
   -0.1950
   -0.0500
   -0.0900
    0.0250
   -0.0900
         0
   -0.1750
   -0.1350
   -0.2700
   -0.2050
   -0.3200
   -0.2250
   -0.3250
   -0.2500
   -0.3500
   -0.4150
   -0.9050
   -0.5750
    0.8550
    2.8850
    2.4800
    0.6750
   -0.4300
   -0.4600
   -0.4000
   -0.2950
   -0.3850
   -0.2800
   -0.3850
   -0.2900
   -0.3750
   -0.2850
   -0.3950
   -0.2750
   -0.3650
   -0.2600
   -0.3650
   -0.2600
   -0.3300
   -0.1900
   -0.2650
   -0.1250
   -0.1900
   -0.0450
   -0.0800
    0.0550
   -0.0100
    0.1200
    0.0100
    0.0800
   -0.0500
    0.0050
   -0.1450
   -0.0900
   -0.2250
   -0.1400
   -0.2300
   -0.1450
   -0.2650
   -0.1650
   -0.2750
   -0.1800
   -0.2850
   -0.1850
   -0.2700
   -0.1600
   -0.2600
   -0.1550
   -0.2550
   -0.1400
   -0.2400
   -0.1250
   -0.1750
   -0.0250
   -0.0650
    0.0500
   -0.0550
    0.0400
   -0.1250
   -0.0800
   -0.2200
   -0.1500
   -0.2700
   -0.1850
   -0.3100
   -0.2050
   -0.2900
   -0.2450
   -0.7150
   -0.7900
    0.0800
    2.2250
    2.8950
    1.6350
   -0.0350
   -0.3900
   -0.3550
   -0.1950
   -0.3100
   -0.2050
   -0.3100
   -0.2050
   -0.2850
   -0.1800
   -0.2900
   -0.1850
   -0.2700
   -0.1650
   -0.2550
   -0.1550
   -0.2300
   -0.1000
   -0.1800
   -0.0450
   -0.0950
    0.0550
   -0.0200
    0.1250
    0.0650
    0.2050
    0.1200
    0.2150
    0.0850
    0.1450
    0.0050
    0.0800
   -0.0500
    0.0250
   -0.0800
    0.0100
   -0.1100
   -0.0100
   -0.1150
   -0.0250
   -0.1350
   -0.0350
   -0.1400
   -0.0300
   -0.1150
   -0.0200
   -0.1200
   -0.0200
   -0.1050
    0.0150
   -0.0500
    0.0800
    0.0350
    0.1700
    0.0650
    0.1850
    0.0800
    0.0900
   -0.0600
    0.0150
   -0.1250
   -0.0400
   -0.1500
   -0.0600
   -0.1650
   -0.0650
   -0.3200
   -0.6150
   -0.5700
    0.9350
    2.8150
    2.8000
    0.8950
   -0.0250
   -0.3250
   -0.1050
   -0.2050
   -0.1050
   -0.2100
   -0.1150
   -0.2100
   -0.1000
   -0.1950
   -0.0950
   -0.1950
   -0.0750
   -0.1650
   -0.0600
   -0.1500
   -0.0350
   -0.1150
    0.0100
   -0.0500
    0.0850
    0.0200
    0.1850
    0.1100
    0.2350
    0.1650
    0.2750
    0.1500
    0.2150
    0.0850
    0.1500
    0.0150
    0.0800
   -0.0550
    0.0450
   -0.0750
    0.0300
   -0.0850
   -0.0050
   -0.1000
         0
   -0.1250
   -0.0350
   -0.1100
    0.0100
   -0.1000
   -0.0050
   -0.1050
    0.0100
   -0.0950
    0.0250
   -0.0350
    0.0900
    0.0400
    0.1900
    0.1000
    0.2300
    0.0750
    0.0750
   -0.0650
    0.0300
   -0.1100
   -0.0300
   -0.1550
   -0.0650
   -0.1700
   -0.0750
   -0.3550
   -0.6150
   -0.4550
    1.1500
    2.8600
    2.6050
    0.6700
   -0.1600
   -0.3600
   -0.1150
   -0.2250
   -0.1150
   -0.2000
   -0.1150
   -0.2250
   -0.1150
   -0.1950
   -0.0850
   -0.2100
   -0.1000
   -0.1800
   -0.0750
   -0.1900
   -0.0600
   -0.1150
   -0.0050
   -0.0650
    0.0850
    0.0100
    0.1350
    0.0800
    0.2400
    0.1450
    0.2400
    0.1100
    0.2050
    0.0600
    0.1100
   -0.0250
    0.0550
   -0.0600
    0.0200
   -0.1100
    0.0050
   -0.1200
   -0.0350
   -0.1350
   -0.0200
   -0.1150
   -0.0250
   -0.1300
   -0.0100
   -0.1150
   -0.0250
   -0.1300
   -0.0200
   -0.1200
    0.0050
   -0.0700
    0.0550
    0.0150
    0.1650
    0.0550
    0.1700
    0.0400
    0.0500
   -0.1100
   -0.0350
   -0.1600
   -0.0850
   -0.2000
   -0.1000
   -0.2150
   -0.1150
   -0.3800
   -0.6600
   -0.5750
    0.9700
    2.8000
    2.6850
    0.7350
   -0.1900
   -0.4700
   -0.1900
   -0.2800
   -0.1850
   -0.2650
   -0.1450
   -0.2650
   -0.1600
   -0.2700
   -0.1750
   -0.2600
   -0.1450
   -0.2400
   -0.1250
   -0.2250
   -0.1150
   -0.2050
   -0.0650
   -0.1450
   -0.0150
   -0.0750
    0.0700
   -0.0050
    0.1400
    0.0700
    0.1700
    0.0500
    0.1400
    0.0050
    0.0800
   -0.0500
    0.0250
   -0.0950
   -0.0100
   -0.1300
   -0.0450
   -0.1400
   -0.0350
   -0.1400
   -0.0250
   -0.1200
   -0.0250
   -0.1250
   -0.0100
   -0.1200
   -0.0250
   -0.1300
   -0.0250
   -0.1300
   -0.0050
   -0.0700
    0.0750
    0.0050
    0.1500
    0.0650
    0.1750
    0.0350
    0.0450
   -0.1000
   -0.0350
   -0.1650
   -0.0600
   -0.1950
   -0.1050
   -0.2100
   -0.1150
   -0.4100
   -0.6800
   -0.4900
    1.1500
    2.8750
    2.6000
    0.6500
   -0.1400
   -0.3400
   -0.1350
   -0.2550
   -0.1500
   -0.2500
   -0.1350
   -0.2400
   -0.1450
   -0.2350
   -0.1300
   -0.2250
   -0.1250
   -0.2200
   -0.1100
   -0.1950
   -0.0900
   -0.1750
   -0.0450
   -0.1200
    0.0050
   -0.0700
    0.0800
    0.0100
    0.1450
    0.0650
    0.1700
    0.0650
    0.1350
   -0.0100
    0.0550
   -0.0650
    0.0100
   -0.1150
   -0.0300
   -0.1500
   -0.0450
   -0.1600
   -0.0700
   -0.1750
   -0.0700
   -0.1750
   -0.0650
   -0.1650
   -0.0600
   -0.1600
   -0.0600
   -0.1750
   -0.0650
   -0.1600
   -0.0450
   -0.1000
    0.0350
   -0.0250
    0.1150
    0.0150
    0.1200
   -0.0250
    0.0050
   -0.1350
   -0.0700
   -0.2000
   -0.1100
   -0.2350
   -0.1300
   -0.2450
   -0.1500
   -0.5200
   -0.7600
   -0.3450
    1.4600
    2.8150
    2.1950
    0.3400
   -0.2400
   -0.3650
   -0.1750
   -0.3050
   -0.1950
   -0.2950
   -0.1950
   -0.3000
   -0.1950
   -0.2850
   -0.1750
   -0.2650
   -0.1550
   -0.2550
   -0.1500
   -0.2300
   -0.0900
   -0.1750
   -0.0600
   -0.1350
   -0.0100
   -0.0800
    0.0750
    0.0050
    0.1300
    0.0550
    0.1650
    0.0400
    0.1050
   -0.0350
    0.0400
   -0.0850
         0
   -0.1350
   -0.0450
   -0.1650
   -0.0550
   -0.1800
   -0.0800
   -0.1800
   -0.0700
   -0.1850
   -0.0750
   -0.1650
   -0.0700
   -0.1700
   -0.0550
   -0.1700
   -0.0750
   -0.1700
   -0.0350
   -0.1150
    0.0100
   -0.0500
    0.1050
    0.0350
    0.1650
    0.0200
    0.0300
   -0.1200
   -0.0500
   -0.1850
   -0.1000
   -0.2400
   -0.1250
   -0.2350
   -0.1250
   -0.3450
   -0.6250
   -0.6800
    0.7050
    2.5500
    2.6800
    0.8750
   -0.0800
   -0.4350
   -0.1800
   -0.2750
   -0.1850
   -0.2700
   -0.1550
   -0.2600
   -0.1700
   -0.2800
   -0.1750
   -0.2550
   -0.1350
   -0.2350
   -0.1250
   -0.2250
   -0.1050
   -0.2050
   -0.0700
   -0.1450
   -0.0250
   -0.0900
    0.0700
   -0.0250
    0.1150
    0.0500
    0.1550
    0.0400
    0.1250
   -0.0100
    0.0800
   -0.0800
   -0.0250
   -0.1350
   -0.0450
   -0.1700
   -0.0800
   -0.1750
   -0.0650
   -0.1800
   -0.0800
   -0.1750
   -0.0450
   -0.1550
   -0.0800
   -0.1900
   -0.0700
   -0.1700
   -0.0750
   -0.1750
   -0.0600
   -0.1250
    0.0250
   -0.0250
    0.1000
    0.0050
    0.1150
   -0.0650
   -0.0250
   -0.1600
   -0.0900
   -0.2100
   -0.1350
   -0.2550
   -0.1550
   -0.2600
   -0.1750
   -0.6200
   -0.7750
   -0.0800
    1.9850
    2.8600
    1.8400
    0.1350
   -0.3450
   -0.3700
   -0.1700
   -0.2950
   -0.1750
   -0.2800
   -0.1700
   -0.2750
   -0.1750
   -0.2750
   -0.1650
   -0.2550
   -0.1400
   -0.2400
   -0.1350
   -0.2150
   -0.0950
   -0.1850
   -0.0600
   -0.1250
    0.0050
   -0.0850
    0.0450
   -0.0300
    0.1100
    0.0400
    0.1450
    0.0250
    0.1200
   -0.0150
    0.0550
   -0.0750
    0.0050
   -0.1150
   -0.0350
   -0.1550
   -0.0450
   -0.1450
   -0.0400
   -0.1400
   -0.0300
   -0.1300
   -0.0150
   -0.1250
   -0.0150
   -0.1200
   -0.0150
   -0.1150
   -0.0050
   -0.0750
    0.0650
   -0.0050
    0.1600
    0.0700
    0.1800
    0.0800
    0.0900
   -0.0650
   -0.0050
   -0.1350
   -0.0450
   -0.1650
   -0.0700
   -0.1800
   -0.0750
   -0.2700
   -0.5550
   -0.7200
    0.5200
    2.4250
    2.8900
    1.2200
    0.0900
   -0.3450
   -0.1200
   -0.2050
   -0.1100
   -0.2000
   -0.0950
   -0.2000
   -0.0900
   -0.1950
   -0.0800
   -0.1850
   -0.0650
   -0.1650
   -0.0500
   -0.1500
   -0.0250
   -0.1150
    0.0150
   -0.0650
    0.0600
   -0.0100
    0.1250
    0.0500
    0.1850
    0.1150
    0.2400
    0.1300
    0.2200
    0.0750
    0.1500
    0.0050
    0.0850
   -0.0300
    0.0550
   -0.0650
    0.0250
   -0.0800
    0.0250
   -0.0850
    0.0150
   -0.0800
    0.0200
   -0.0850
    0.0300
   -0.0750
    0.0250
   -0.0800
    0.0200
   -0.0800
    0.0350
   -0.0650
    0.0800
         0
    0.1550
    0.1050
    0.2250
    0.1300
    0.2300
    0.0450
    0.0950
   -0.0450
    0.0350
   -0.0900
   -0.0050
   -0.1250
   -0.0200
   -0.1250
   -0.1200
   -0.6150
   -0.5250
    0.5600
    2.6400
    2.7450
    1.2100
   -0.0300
   -0.1900
   -0.1650
   -0.0400
   -0.1700
   -0.0450
   -0.1450
   -0.0450
   -0.1450
   -0.0300
   -0.1150
   -0.0100
   -0.1100
    0.0050
   -0.0800
    0.0300
   -0.0650
    0.0550
   -0.0200
    0.1100
    0.0200
    0.1450
    0.0800
    0.2150
    0.1350
    0.2650
    0.1800
    0.2950
    0.1650
    0.2200
    0.0850
    0.1700
    0.0500
    0.1300
    0.0100
    0.0900
   -0.0150
    0.0950
   -0.0300
    0.0800
   -0.0300
    0.0650
   -0.0400
    0.0700
   -0.0300
    0.0850
   -0.0300
    0.0600
   -0.0150
    0.0950
   -0.0150
    0.1350
    0.0850
    0.2450
    0.1550
    0.2650
    0.1750
    0.1950
    0.0350
    0.1050
   -0.0300
    0.0450
   -0.0750
    0.0050
   -0.1050
   -0.0150
   -0.1450
   -0.3650
   -0.7150
    0.1550
    1.9850
    3.0350
    1.7800
    0.3450
   -0.3250
   -0.1400
   -0.1650
   -0.0700
   -0.1550
   -0.0550
   -0.1650
   -0.0550
   -0.1550
   -0.0650
   -0.1750
   -0.0600
   -0.1350
   -0.0250
   -0.1250
   -0.0250
   -0.1050
    0.0250
   -0.0550
    0.0600
   -0.0150
    0.1000
    0.0450
    0.1850
    0.1150
    0.2300
    0.1200
    0.2250
    0.0900
    0.1550
    0.0200
    0.0950
   -0.0300
    0.0550
   -0.0750
    0.0150
   -0.0800
    0.0100
   -0.1000
    0.0150
   -0.0650
    0.0150
   -0.0800
    0.0150
   -0.0950
    0.0100
   -0.0700
    0.0550
   -0.0250
    0.1200
    0.0850
    0.1800
    0.0800
    0.1750
   -0.0100
    0.0300
   -0.1050
   -0.0450
   -0.1500
   -0.0650
   -0.1650
   -0.0900
   -0.1850
   -0.2400
   -0.7200
   -0.4850
    0.8000
    2.8300
    2.6000
    0.9450
   -0.1850
   -0.3150
   -0.2450
   -0.1300
   -0.2400
   -0.1350
   -0.2300
   -0.1300
   -0.2150
   -0.1250
   -0.2200
   -0.0950
   -0.1950
   -0.0950
   -0.1700
   -0.0750
   -0.1550
   -0.0450
   -0.1150
    0.0050
   -0.0650
    0.0650
   -0.0100
    0.1200
    0.0600
    0.1900
    0.0950
    0.1900
    0.0850
    0.1350
    0.0100
    0.0850
   -0.0350
    0.0350
   -0.0650
    0.0150
   -0.0700
    0.0150
   -0.0900
    0.0050
   -0.0850
    0.0200
   -0.0650
    0.0200
   -0.0500
    0.0450
   -0.0600
    0.0800
    0.0300
    0.1650
    0.1100
    0.1950
    0.1150
    0.1950
    0.0100
    0.0450
   -0.0800
   -0.0200
   -0.1300
   -0.0550
   -0.1450
   -0.0750
   -0.1650
   -0.2950
   -0.7550
   -0.3050
    1.2200
    3.0650
    2.4600
    0.7000
   -0.2350
   -0.2350
   -0.1900
   -0.1100
   -0.2100
   -0.1250
   -0.2050
   -0.1100
   -0.1950
   -0.1100
   -0.1850
   -0.0950
   -0.1800
   -0.0800
   -0.1550
   -0.0650
   -0.1350
   -0.0250
   -0.0900
    0.0200
   -0.0450
    0.0800
    0.0150
    0.1350
    0.0850
    0.1950
    0.1150
    0.1850
    0.0700
    0.1300
   -0.0050
    0.0500
   -0.0500
    0.0100
   -0.0900
   -0.0100
   -0.1100
   -0.0350
   -0.1200
   -0.0300
   -0.1100
   -0.0250
   -0.1000
   -0.0050
   -0.0750
    0.0150
   -0.0550
    0.0650
    0.0250
    0.1500
    0.0950
    0.1750
    0.0900
    0.1200
   -0.0300
    0.0200
   -0.1050
   -0.0500
   -0.1550
   -0.0950
   -0.1850
   -0.1100
   -0.1900
   -0.3850
   -0.8050
   -0.1700
    1.5250
    3.1250
    2.2450
    0.5050
   -0.2850
   -0.2150
   -0.2050
   -0.1300
   -0.2150
   -0.1350
   -0.2100
   -0.1250
   -0.2050
   -0.1250
   -0.1900
   -0.1000
   -0.1700
   -0.0800
   -0.1600
   -0.0650
   -0.1350
   -0.0400
   -0.0950
    0.0050
   -0.0500
    0.0700
    0.0150
    0.1350
    0.0900
    0.1950
    0.1150
    0.1800
    0.0850
    0.1250
    0.0100
    0.0550
   -0.0550
    0.0100
   -0.0750
   -0.0100
   -0.1050
   -0.0350
   -0.1150
   -0.0350
   -0.1100
   -0.0250
   -0.1050
   -0.0250
   -0.0950
   -0.0250
   -0.1050
   -0.0300
   -0.0900
    0.0100
   -0.0200
    0.0900
    0.0500
    0.1600
    0.0850
    0.1700
    0.0450
    0.0550
   -0.0550
   -0.0200
   -0.1250
   -0.0550
   -0.1550
   -0.0850
   -0.1600
   -0.1000
   -0.4300
   -0.7050
   -0.2850
    1.5100
    3.0100
    2.3750
    0.4900
   -0.1850
   -0.2750
   -0.0950
   -0.1950
   -0.1200
   -0.1900
   -0.1150
   -0.1950
   -0.1150
   -0.1800
   -0.1050
   -0.1700
   -0.0800
   -0.1550
   -0.0650
   -0.1300
   -0.0400
   -0.1050
   -0.0100
   -0.0600
    0.0450
    0.0100
    0.1050
    0.0600
    0.1650
    0.1200
    0.2050
    0.1300
    0.1750
    0.0800
    0.1200
    0.0200
    0.0850
   -0.0050
    0.0500
   -0.0400
    0.0350
   -0.0500
    0.0150
   -0.0550
    0.0300
   -0.0450
    0.0250
   -0.0350
    0.0350
   -0.0400
    0.0250
   -0.0500
    0.0250
   -0.0550
    0.0250
   -0.0450
    0.0500
    0.0150
    0.1250
    0.1000
    0.1950
    0.1450
    0.2250
    0.0800
    0.0850
   -0.0300
    0.0150
   -0.0750
   -0.0250
   -0.1100
   -0.0400
   -0.1150
   -0.0700
   -0.4700
   -0.6850
   -0.0050
    1.9750
    3.0350
    2.0650
    0.3200
   -0.1850
   -0.1950
   -0.0600
   -0.1550
   -0.0800
   -0.1400
   -0.0700
   -0.1400
   -0.0750
   -0.1350
   -0.0650
   -0.1150
   -0.0300
   -0.1050
   -0.0350
   -0.0900
    0.0050
   -0.0550
    0.0350
   -0.0150
    0.0850
    0.0350
    0.1250
    0.0800
    0.1850
    0.1500
    0.2300
    0.1550
    0.2050
    0.1150
    0.1450
    0.0450
    0.0850
    0.0150
    0.0700
   -0.0250
    0.0350
   -0.0300
    0.0450
   -0.0250
    0.0400
   -0.0250
    0.0550
   -0.0200
    0.0450
   -0.0300
    0.0300
   -0.0450
    0.0200
   -0.0500
    0.0200
   -0.0500
    0.0350
   -0.0150
    0.0850
    0.0500
    0.1600
    0.1350
    0.2100
    0.1450
    0.1800
    0.0400
    0.0650
   -0.0300
   -0.0050
   -0.0800
   -0.0300
   -0.1000
   -0.0350
   -0.1150
   -0.2800
   -0.7200
   -0.2550
    1.3150
    3.0400
    2.4000
    0.6700
   -0.1850
   -0.1850
   -0.1450
   -0.0950
   -0.1650
   -0.0900
   -0.1650
   -0.0900
   -0.1450
   -0.0900
   -0.1500
   -0.0750
   -0.1250
   -0.0500
   -0.1050
   -0.0350
   -0.0800
   -0.0100
   -0.0550
    0.0350
   -0.0150
    0.0700
    0.0300
    0.1200
    0.0900
    0.1750
    0.1350
    0.1900
    0.1200
    0.1700
    0.0850
    0.1100
    0.0100
    0.0450
   -0.0300
    0.0200
   -0.0550
    0.0100
   -0.0600
   -0.0050
   -0.0550
    0.0200
   -0.0550
   -0.0050
   -0.0550
         0
   -0.0650
   -0.0100
   -0.0700
   -0.0200
   -0.0750
   -0.0200
   -0.0650
    0.0150
   -0.0050
    0.0900
    0.0850
    0.1600
    0.1150
    0.1800
    0.0350
    0.0300
   -0.0500
   -0.0300
   -0.1150
   -0.0700
   -0.1400
   -0.0950
   -0.1550
   -0.1450
   -0.5700
   -0.7200
    0.1350
    2.1650
    2.9000
    1.6850
    0.1350
   -0.2750
   -0.2400
   -0.1350
   -0.2200
   -0.1550
   -0.2100
   -0.1550
   -0.2150
   -0.1600
   -0.2050
   -0.1450
   -0.1950
   -0.1250
   -0.1700
   -0.1200
   -0.1650
   -0.1000
   -0.1450
   -0.0650
   -0.1050
   -0.0300
   -0.0500
    0.0250
   -0.0150
    0.0800
    0.0550
    0.1150
    0.0600
    0.1000
    0.0150
    0.0450
   -0.0350
   -0.0150
   -0.0800
   -0.0450
   -0.1050
   -0.0550
   -0.1250
   -0.0800
   -0.1150
   -0.0650
   -0.1250
   -0.0750
   -0.1150
   -0.0500
   -0.1250
   -0.0800
   -0.1450
   -0.0750
   -0.1000
   -0.0100
   -0.0250
    0.0550
    0.0450
    0.1050
    0.0700
    0.0750
   -0.0550
   -0.0500
   -0.1350
   -0.1100
   -0.1750
   -0.1500
   -0.2100
   -0.1650
   -0.2050
   -0.4100
   -0.8150
   -0.3100
    1.2950
    2.8700
    2.1650
    0.4600
   -0.3350
   -0.3100
   -0.2300
   -0.1950
   -0.2400
   -0.1900
   -0.2400
   -0.1850
   -0.2350
   -0.1850
   -0.2350
   -0.1650
   -0.1950
   -0.1550
   -0.2050
   -0.1550
   -0.1750
   -0.0900
   -0.1150
   -0.0400
   -0.0650
   -0.0100
   -0.0150
    0.0550
    0.0350
    0.1100
    0.0750
    0.1000
    0.0300
    0.0600
   -0.0150
    0.0050
   -0.0700
   -0.0650
   -0.1300
   -0.0800
   -0.1500
   -0.1050
   -0.1550
   -0.1100
   -0.1400
   -0.1000
   -0.1550
   -0.1000
   -0.1450
   -0.1050
   -0.1450
   -0.0850
   -0.1050
   -0.0200
   -0.0200
    0.0800
    0.0350
    0.0800
    0.0100
   -0.0450
   -0.1200
   -0.1100
   -0.1900
   -0.1500
   -0.2100
   -0.1950
   -0.2550
   -0.2050
   -0.4850
   -0.8100
   -0.4500
    1.2400
    2.8150
    2.2600
    0.4800
   -0.3150
   -0.4500
   -0.2650
   -0.2950
   -0.2550
   -0.2850
   -0.2400
   -0.2750
   -0.2450
   -0.2850
   -0.2400
   -0.2700
   -0.2200
   -0.2400
   -0.2000
   -0.2400
   -0.1950
   -0.2200
   -0.1500
   -0.1700
   -0.1100
   -0.1350
   -0.0750
   -0.0700
    0.0050
   -0.0150
    0.0350
    0.0100
    0.0350
   -0.0400
   -0.0350
   -0.0950
   -0.0800
   -0.1500
   -0.1200
   -0.1650
   -0.1250
   -0.1650
   -0.1300
   -0.1750
   -0.1100
   -0.1350
   -0.1150
   -0.1650
   -0.1100
   -0.1350
   -0.0800
   -0.0800
   -0.0150
    0.0050
    0.0650
    0.0450
    0.0800
   -0.0250
   -0.0650
   -0.1400
   -0.1450
   -0.1950
   -0.1700
   -0.2300
   -0.1950
   -0.2150
   -0.2550
   -0.6650
   -0.8250
    0.0700
    2.0750
    2.8000
    1.5350
    0.0400
   -0.3800
   -0.3150
   -0.2250
   -0.2750
   -0.2400
   -0.2750
   -0.2350
   -0.2700
   -0.2300
   -0.2600
   -0.2150
   -0.2400
   -0.2050
   -0.2250
   -0.1850
   -0.2050
   -0.1500
   -0.1700
   -0.1150
   -0.1250
   -0.0800
   -0.0900
   -0.0250
   -0.0300
    0.0350
    0.0250
    0.0550
   -0.0050
    0.0150
   -0.0450
   -0.0450
   -0.1000
   -0.0850
   -0.1300
   -0.1000
   -0.1450
   -0.1200
   -0.1550
   -0.1250
   -0.1550
   -0.1200
   -0.1500
   -0.1200
   -0.1350
   -0.0950
   -0.1000
   -0.0300
   -0.0300
    0.0600
    0.0450
    0.0800
    0.0500
   -0.0050
   -0.0800
   -0.1000
   -0.1550
   -0.1500
   -0.1950
   -0.1750
   -0.2150
   -0.1900
   -0.3000
   -0.6650
   -0.7700
    0.3450
    2.3000
    2.7500
    1.2100
   -0.0050
   -0.3600
   -0.2300
   -0.2350
   -0.2150
   -0.2400
   -0.2150
   -0.2350
   -0.2050
   -0.2250
   -0.2000
   -0.2100
   -0.1700
   -0.1800
   -0.1400
   -0.1650
   -0.1150
   -0.1200
   -0.0800
   -0.0800
   -0.0350
   -0.0350
    0.0250
    0.0250
    0.0950
    0.0900
    0.1300
    0.0950
    0.1000
    0.0450
    0.0500
   -0.0100
   -0.0150
   -0.0600
   -0.0300
   -0.0650
   -0.0550
   -0.0900
   -0.0700
   -0.0800
   -0.0550
   -0.0850
   -0.0550
   -0.0750
   -0.0450
   -0.0550
   -0.0250
   -0.0200
    0.0400
    0.0700
    0.1500
    0.1350
    0.1550
    0.1200
    0.0550
   -0.0150
   -0.0200
   -0.0800
   -0.0650
   -0.0950
   -0.0850
   -0.1250
   -0.0950
   -0.3150
   -0.6600
   -0.3850
    1.1750
    2.8450
    2.4450
    0.6900
   -0.1600
   -0.3050
   -0.1450
   -0.1500
   -0.1150
   -0.1450
   -0.1250
   -0.1350
   -0.1100
   -0.1250
   -0.1050
   -0.1100
   -0.0750
   -0.0900
   -0.0550
   -0.0600
   -0.0350
   -0.0400
    0.0100
    0.0100
    0.0500
    0.0650
    0.1150
    0.1350
    0.1800
    0.1750
    0.2050
    0.1750
    0.1750
    0.1350
    0.1200
    0.0650
    0.0650
    0.0200
    0.0150
   -0.0100
    0.0050
   -0.0150
    0.0150
   -0.0150
    0.0150
    0.0050
    0.0200
    0.0100
    0.0350
    0.0250
    0.0750
    0.1000
    0.1550
    0.1800
    0.2150
    0.2050
    0.2300
    0.1350
    0.0850
    0.0200
